songLength
0.9047763
0.2007149
0.8378343
0.6075439
0.3441459
0.9662882
0.8102904
0.5731297
0.3092926
0.7500064
0.2276067
0.9647181
0.5705312
0.4757097
0.5547288
0.4702389
0.9383544
0.4370305
0.3337432
0.5655914
0.9296605
0.2778483
0.8872354
0.6570588
0.948975
0.9696447
0.650114
0.4271543
0.5746408
0.5685085
0.4764733
0.6552219
0.4348127
0.8855953
0.4357893
0.6168589
0.6202976
0.7061765
0.3431419
0.5814093
0.3354149
0.8083284
0.9577304
0.8976303
0.9592467
0.9475148
0.909989
0.971798
0.922699
0.7688078
0.8550496
0.3643404
0.318895
0.3019464
0.62669
0.6509038
0.486411
0.3436727
0.2712674
0.620369
0.7880104
0.4655844
0.5626051
0.2004101
0.900964
0.2431211
0.3707518
0.2602403
0.4744957
0.5748528
0.7100302
0.7676374
0.5856887
0.7658621
0.440781
0.2276869
0.5115267
0.3881494
0.6737292
0.3602757
0.7463868
0.9737106
0.380793
0.4488425
0.986497
0.3872475
0.4489045
0.9190913
0.6038377
0.9892124
0.5828068
0.9145648
0.8421524
0.869353
0.4989098
0.5577657
0.7306633
0.7314005
0.7633162
0.7941764
0.240114
0.3279985
0.228702
0.5928644
0.5491045
0.9523469
0.4225143
0.461938
0.410192
0.2914393
0.2544777
0.9308138
0.5355808
0.8421751
0.7046928
0.4037416
0.8870993
0.5032917
0.58515
0.3061857
0.9993974
0.3347245
0.6122822
0.8073093
0.5368935
0.7513665
0.7167055
0.2683874
0.432251
0.5389814
0.892123
0.7163002
0.4458765
0.9851764
0.7571401
0.7949427
0.592695
0.8839067
0.2116199
0.4936017
0.4669664
0.6976077
0.8109042
0.8631765
0.3894537
0.4589822
0.3784432
0.5728285
0.801484
0.5120141
0.745273
0.8871094
0.7196975
0.4007019
0.4619239
0.7494542
0.569283
0.2094452
0.6883759
0.4433794
0.9571659
0.3606867
0.8564091
0.7529176
0.7909686
0.758718
0.5623698
0.6384793
0.716816
0.9353553
0.2307564
0.7869663
0.9140204
0.2239519
0.9662253
0.969815
0.8772511
0.2737843
0.4000085
0.910553
0.3179311
0.453047
0.7918874
0.981243
0.8023824
0.9325365
0.3019161
0.8268888
0.3183857
0.3030707
0.6572505
0.5583857
0.7521523
0.407875
0.9088396
0.7501293
0.600486
0.3400487
0.2375018
0.708075
0.6992504
0.9339395
0.7277899
0.8082657
0.7826875
0.5274747
0.8233362
0.7384004
0.6814401
0.5952548
0.8129592
0.6854835
0.65958
0.2910039
0.5578209
0.5452055
0.5540967
0.6850735
0.3367732
0.9811734
0.4592532
0.6563728
0.7574414
0.4638068
0.6690204
0.3523065
0.7189537
0.892413
0.4769793
0.436417
0.824425
0.961485
0.3012372
0.391644
0.7681817
0.4242476
0.6171305
0.7216407
0.3495193
0.7635314
0.9968376
0.2177773
0.9508997
0.4279676
0.9651907
0.8737896
0.6058659
0.6516059
0.9778897
0.3977598
1.257529
1.288555
1.214199
1.119153
1.271633
1.095563
1.744472
1.597503
1.417747
1.532263
1.661899
1.142213
1.278487
1.387873
1.835872
1.835655
1.173024
1.13348
1.7966
1.475408
1.452315
1.539461
1.831218
1.456037
1.955527
1.297654
1.048691
1.471748
1.254262
1.973701
1.517581
1.558748
1.736064
1.723214
1.075417
1.166298
1.616351
1.255064
1.626595
1.472253
1.619005
1.129662
1.182074
1.429144
1.58886
1.161847
1.141498
1.162429
1.25107
1.217799
1.304178
1.098187
1.487829
1.526946
1.61454
1.674196
1.902756
1.726544
1.682556
1.139631
1.898287
1.344441
1.691934
1.504067
1.651992
1.482427
1.041385
1.384429
1.313102
1.110245
1.707562
1.870014
1.587351
1.358611
1.539985
1.447343
1.827605
1.193963
1.58485
1.459707
1.38769
1.65511
1.229326
1.719629
1.213565
1.893158
1.009627
1.84614
1.138636
1.34419
1.863617
1.772932
1.36324
1.934093
1.418296
1.743132
1.684671
1.993395
1.427456
1.55637
1.198343
1.909559
1.229928
1.990472
1.811597
1.192547
1.257428
1.584732
1.597815
1.375804
1.311969
1.068616
1.443525
1.395607
1.565315
1.599484
1.187064
1.888925
1.11296
1.387388
1.065889
1.040998
1.877431
1.004249
1.06774
1.607414
1.575481
1.302122
1.93278
1.493401
1.237056
1.729253
1.17293
1.830321
1.866604
1.628676
1.705359
1.129004
1.822563
1.018508
1.806243
1.069067
1.038655
1.546262
1.424824
1.436904
1.432355
1.199324
1.591866
1.084119
1.031791
1.446127
1.818299
1.087745
1.71836
1.675498
1.290099
1.305351
1.962381
1.273101
1.626951
1.4366
1.518035
1.218073
1.211909
1.285111
1.459577
1.077998
1.698586
1.492246
1.911824
1.861567
1.642767
1.013656
1.382098
1.810746
1.210127
1.462921
1.299012
1.044246
1.523213
1.847035
1.747488
1.007884
1.18244
1.288798
1.461396
1.89539
1.426028
1.557819
1.099366
1.694723
1.920808
1.583365
1.5154
1.104158
1.508897
1.864879
1.587176
1.38113
1.677686
1.405532
1.495948
1.158435
1.351984
1.102489
1.480019
1.073858
1.357454
1.863171
1.495238
1.446717
1.174457
1.957088
1.673649
1.457624
1.135626
1.757691
1.101877
1.3254
1.136956
1.813594
1.407847
1.5957
1.552874
1.843709
1.503117
1.422918
1.42499
1.951728
1.226824
1.154912
1.751119
1.345403
1.979651
1.358517
1.029708
1.354192
1.960536
1.80205
1.703902
1.336806
1.978426
1.479029
1.920352
1.068277
1.900533
1.886422
1.204841
1.955456
1.948048
1.929007
1.777919
1.391793
1.291126
1.737439
1.680577
1.410556
1.069278
1.294638
1.191104
1.123981
1.606852
1.701867
1.929856
1.848394
1.507296
1.706881
1.740293
1.677038
1.93665
1.22477
1.840533
1.817384
1.615614
1.309589
1.779843
1.579442
1.280298
1.99259
1.472183
1.507623
1.997708
1.814055
1.516098
1.158247
1.881254
1.502804
1.911387
1.69492
1.797788
1.842515
1.357745
1.051261
1.415742
1.389608
1.287304
1.84898
1.883997
1.186147
2.318342
2.532653
2.790984
2.370533
2.255696
2.129533
2.259996
2.747309
2.734624
2.112292
2.020369
2.169707
2.954129
2.647647
2.178916
2.874245
2.392041
2.446248
2.241786
2.710598
2.002371
2.67127
2.384714
2.632543
2.357677
2.94682
2.045921
2.849068
2.749738
2.670879
2.485786
2.42439
2.096361
2.133624
2.716501
2.835603
2.160303
2.906886
2.111716
2.20667
2.52654
2.482691
2.822415
2.560093
2.925304
2.672878
2.120417
2.481091
2.323084
2.041577
2.426295
2.519704
2.427188
2.776505
2.178385
2.515109
2.547593
2.280553
2.43865
2.481178
2.238295
2.348093
2.51606
2.323038
2.141974
2.544883
2.350391
2.739099
2.841105
2.159255
2.80796
2.737908
2.789432
2.317962
2.014859
2.561322
2.647999
2.947824
2.56696
2.58646
2.094856
2.921882
2.285133
2.013232
2.476799
2.536168
2.037059
2.288448
2.028951
2.342213
2.224893
2.320339
2.06783
2.64288
2.31405
2.677435
2.662275
2.775021
2.858497
2.340625
2.728567
2.520095
2.574218
2.029011
2.284749
2.30556
2.659758
2.38572
2.975434
2.307609
2.531209
2.990879
2.625667
2.102987
2.974054
2.4374
2.905844
2.452227
2.842541
2.409047
2.625515
2.814741
2.634332
2.586793
2.284863
2.871464
2.845525
2.142203
2.907636
2.819932
2.868693
2.588237
2.434382
2.123429
2.255246
2.453628
2.304489
2.829599
2.145119
2.786281
2.133434
2.237396
2.961018
2.986895
2.739185
2.473042
2.096671
2.748575
2.149167
2.167785
2.173813
2.786932
2.938749
2.876125
2.953632
2.797372
2.217913
2.359473
2.323284
2.617221
2.825704
2.975255
2.863954
2.792965
2.573281
2.957631
2.61845
2.217399
2.541277
2.092362
2.027943
2.582339
2.409052
2.865206
2.376341
2.980413
2.902524
2.138458
2.654034
2.866179
2.57276
2.368526
2.751867
2.438663
2.0728
2.248069
2.252075
2.961856
2.873047
2.641406
2.215653
2.725742
2.047135
2.661084
2.003609
2.965383
2.918928
2.709858
2.443448
2.555371
2.391653
2.203322
2.064748
2.40934
2.957193
2.558944
2.486241
2.14862
2.407463
2.411651
2.643062
2.795757
2.41219
2.496632
2.601107
2.252611
2.392451
2.695977
2.816979
2.758447
2.722287
2.16917
2.255223
2.049405
2.13308
2.135512
2.488608
2.357999
2.660104
2.982172
2.802276
2.965718
2.97921
2.91946
2.358944
2.570327
2.927365
2.217446
2.422461
2.943033
2.214525
2.711893
2.801373
2.797797
2.196515
2.213418
2.312913
2.259965
2.771178
2.799317
2.883031
2.993523
2.598132
2.74241
2.438162
2.339602
2.187031
2.098454
2.576284
2.631396
2.738488
2.17876
2.809752
2.286258
2.77921
2.50353
2.903186
2.318063
2.753221
2.436599
2.555756
2.69833
2.046807
2.330732
2.513134
2.329367
2.7809
2.452392
2.246409
2.973063
2.527344
2.264261
2.66433
2.637741
2.593385
2.019711
2.913951
2.434172
2.209885
2.493749
2.701476
2.477706
2.965793
2.249431
2.544966
2.376941
2.27229
2.05219
2.138082
2.970323
2.663229
2.43981
2.839603
2.264658
2.582259
2.216792
2.386762
2.660462
2.312796
2.422365
2.64445
2.391988
2.183672
2.326119
2.628237
2.696513
2.666112
2.886504
2.689057
2.465056
2.672503
2.295594
2.627569
2.137635
2.929925
2.602512
2.503629
2.695616
2.468197
2.646918
2.400325
2.079774
2.688611
2.310152
2.942598
2.805294
2.390642
2.970064
2.426325
2.982639
2.307489
2.225876
2.810591
2.744712
2.464846
2.75222
2.56421
2.336337
2.089999
2.478916
2.044148
2.637526
2.229799
2.548101
2.631268
2.282035
2.454621
2.230845
2.24237
2.079084
2.791942
2.068079
2.51855
2.275727
2.256294
2.681764
2.480358
2.936924
2.081053
2.103595
2.783318
2.380866
2.459404
2.906289
2.735769
2.356191
2.746623
2.644581
2.261443
2.891711
2.066417
2.705744
2.272313
2.862141
2.766946
2.793418
2.666651
2.180349
2.35218
2.593149
2.379602
2.149769
2.523782
2.406325
2.787307
2.08898
2.058848
2.482691
2.788687
2.518705
2.782363
2.636621
2.020054
2.820971
2.274745
2.818573
2.537234
2.53025
2.641929
2.137114
2.057156
2.399486
2.875393
2.861343
2.16524
2.334837
2.410637
2.666136
2.957462
2.307434
2.650696
2.81801
2.035638
2.696811
2.215801
2.089232
2.066222
2.090998
2.924241
2.253438
2.902257
2.414544
2.361563
2.704529
2.062751
2.176692
2.267792
2.269644
2.597036
2.556817
2.820057
2.011413
2.211401
2.54009
2.868458
2.363739
2.016899
2.76436
2.164934
2.775271
2.382708
2.762461
2.984535
2.676072
2.924875
2.525098
2.043592
2.156871
2.435647
2.998506
2.737839
2.427416
2.583063
2.700415
2.42837
2.891256
2.064675
2.852832
2.289115
2.526457
2.845835
2.514845
2.820995
2.345093
2.106911
2.745529
2.672859
2.849802
2.271341
2.773669
2.070718
2.673925
2.869015
2.45115
2.140258
2.777818
2.324816
2.229681
2.31038
2.593588
2.367429
2.403563
2.559067
2.530206
2.273632
2.815067
2.677691
2.565641
2.112941
2.926319
2.340665
2.051265
2.752887
2.099672
2.177232
2.741708
2.98342
2.513175
2.184301
2.438314
2.098836
2.187686
2.690714
2.494965
2.381354
2.520516
2.351107
2.373241
2.75779
2.177867
2.514531
2.876505
2.545759
2.432135
2.711558
2.757086
2.369041
2.333294
2.460726
2.59997
2.036471
2.647757
2.846702
2.779848
2.877365
2.424516
2.017102
2.92232
2.222623
2.15758
2.803128
2.072618
2.763689
2.621358
2.064285
2.656496
2.246958
2.934879
2.507559
2.788317
2.06258
2.047752
2.897782
2.212151
2.792505
2.355337
2.172296
2.515163
2.193653
2.663286
2.512976
2.519583
2.142384
2.023288
2.190179
2.767549
2.133074
2.57997
2.578163
2.521897
2.42285
2.355856
2.034611
2.061903
2.642373
2.219168
2.168193
2.873849
2.339163
2.481601
2.265054
2.802043
2.496144
2.791409
2.981362
2.553397
2.583229
2.241557
2.26074
2.998534
2.771045
2.924393
2.920336
2.345905
2.704373
2.807565
2.934296
2.211893
2.224809
2.413013
3.509161
3.400092
3.3285
3.582401
3.395336
3.827514
3.509064
3.189586
3.467384
3.140999
3.680443
3.754855
3.212832
3.139061
3.871414
3.423466
3.944096
3.281861
3.458195
3.491437
3.231185
3.488656
3.262946
3.384033
3.979016
3.413615
3.942907
3.955359
3.505071
3.108407
3.453944
3.154883
3.363034
3.812575
3.188385
3.342762
3.990551
3.585538
3.796013
3.186848
3.030045
3.178815
3.310502
3.253471
3.87436
3.162439
3.916866
3.430223
3.10866
3.458627
3.978958
3.521403
3.586521
3.576824
3.518374
3.099561
3.891268
3.380929
3.72064
3.385184
3.948976
3.682343
3.009846
3.767855
3.221416
3.735962
3.064738
3.452047
3.338991
3.176272
3.126459
3.527476
3.839723
3.21349
3.624749
3.185088
3.792257
3.501352
3.67665
3.129095
3.991104
3.747062
3.92502
3.785922
3.286809
3.672094
3.164323
3.347433
3.884926
3.415865
3.970974
3.414966
3.655129
3.106168
3.136797
3.841692
3.957642
3.88978
3.458227
3.700734
3.245968
3.988476
3.863733
3.438679
3.103621
3.516485
3.725072
3.625075
3.735001
3.213268
3.746844
3.929967
3.396883
3.523533
3.498306
3.685507
3.780442
3.956507
3.156882
3.979405
3.974097
3.490785
3.836277
3.336738
3.472463
3.031316
3.121954
3.503061
3.745143
3.65311
3.704231
3.877972
3.987166
3.296946
3.402486
3.551872
3.010212
3.041356
3.992819
3.669851
3.979164
3.080607
3.752174
3.124939
3.931996
3.81903
3.105536
3.989772
3.435325
3.734638
3.651678
3.713877
3.51349
3.858771
3.846359
3.337255
3.758424
3.189643
3.800882
3.043182
3.670904
3.976373
3.949808
3.260577
3.968693
3.585667
3.422788
3.595609
3.27507
3.858049
3.762622
3.583746
3.292628
3.929803
3.643437
3.492031
3.638632
3.69195
3.112748
3.687693
3.650382
3.817926
3.016881
3.399626
3.66279
3.46383
3.773909
3.6048
3.683896
3.966744
3.619578
3.694108
3.084118
3.693957
3.4574
3.871788
3.864272
3.73818
3.005481
3.1998
3.248854
3.554048
3.058482
3.090985
3.653218
3.331538
3.080163
3.091556
3.291275
3.907706
3.656439
3.907051
3.826618
3.874895
3.928294
3.104621
3.665489
3.914024
3.822233
3.803259
3.575936
3.459723
3.909038
3.107463
3.654545
3.349738
3.170069
3.464015
3.420176
3.671792
3.963509
3.504271
3.929919
3.981825
3.614569
3.883051
3.546532
3.9518
3.507596
3.675152
3.856294
3.50623
3.189147
3.964899
3.922776
3.382395
3.141778
3.397414
3.118922
3.942449
3.355844
3.444164
3.387751
3.680488
3.67502
3.406381
3.582369
3.322132
3.929338
3.344251
3.581667
3.208162
3.472524
3.819695
3.051204
3.736878
3.314358
3.885371
3.904955
3.591787
3.577616
3.59958
3.74855
3.308048
3.358406
3.212849
3.601685
3.76635
3.843357
3.581735
3.339664
3.369853
3.646938
3.817918
3.597112
3.608621
3.573653
3.95758
3.279852
3.298281
3.739356
3.807291
3.998355
3.883316
3.254582
3.549941
3.936038
3.681492
3.749748
3.571943
3.450843
3.880167
3.4567
3.350986
3.021432
3.518646
3.597226
3.237646
3.961758
3.466822
3.347423
3.362601
3.259352
3.924138
3.033675
3.69698
3.184409
3.941931
3.9803
3.783497
3.826217
3.876847
3.603416
3.229286
3.182354
3.834608
3.193488
3.983117
3.113392
3.183743
3.697792
3.135573
3.760704
3.59493
3.780805
3.285052
3.144427
3.126771
3.957485
3.282232
3.755781
3.474257
3.350429
3.326065
3.965864
3.836273
3.927604
3.297974
3.990412
3.166342
3.254015
3.957633
3.756065
3.937897
3.272684
3.492064
3.29931
3.201288
3.085003
3.254133
3.850675
3.70114
3.696479
3.199401
3.299438
3.727147
3.332255
3.62091
3.296742
3.406763
3.246871
3.50229
3.158271
3.128093
3.005283
3.15527
3.201186
3.936097
3.448684
3.399988
3.980918
3.094104
3.009073
3.160621
3.206452
3.736772
3.375802
3.719804
3.731387
3.297131
3.525128
3.281029
3.714702
3.742401
3.109234
3.92901
3.150924
3.740539
3.083078
3.08502
3.5835
3.030038
3.080927
3.095015
3.883679
3.628343
3.512208
3.192441
3.171769
3.585159
3.525789
3.324463
3.762554
3.347633
3.408773
3.528523
3.352004
3.410827
3.319021
3.524902
3.666642
3.080079
3.339094
3.196435
3.583075
3.259112
3.262577
3.905097
3.414428
3.980169
3.195872
3.430371
3.367849
3.647311
3.092907
3.753427
3.160391
3.085947
3.0264
3.850889
3.044943
3.277268
3.036925
3.888918
3.282886
3.389112
3.727143
3.588889
3.233766
3.764079
3.643848
3.422617
3.489463
3.870456
3.628228
3.502239
3.263509
3.748162
3.325899
3.333049
3.059666
3.516348
3.975743
3.429568
3.331255
3.973032
3.714608
3.838773
3.260655
3.526221
3.239822
3.015881
3.758027
3.045627
3.059975
3.347754
3.31566
3.218916
3.1688
3.619791
3.976451
3.210512
3.361896
3.613665
3.956015
3.091004
3.442165
3.372032
3.051386
3.784209
3.453556
3.112477
3.896542
3.468851
3.480217
3.306754
3.402456
3.369732
3.245394
3.922751
3.661827
3.711935
3.583044
3.712076
3.122575
3.712212
3.118366
3.026257
3.250807
3.871102
3.672993
3.848078
3.74285
3.574623
3.225415
3.208601
3.384684
3.821138
3.532475
3.14821
3.039985
3.072243
3.072587
3.724024
3.213243
3.634473
3.987938
3.384968
3.541437
3.155199
3.820153
3.793605
3.492199
3.953586
3.052269
3.075426
3.387145
3.340772
3.38384
3.932652
3.600368
3.300549
3.309538
3.487203
3.199353
3.4712
3.196515
3.444349
3.681166
3.591029
3.362637
3.199219
3.539087
3.342793
3.05419
3.776356
3.513961
3.43134
3.217318
3.89554
3.702429
3.089603
3.40257
3.908295
3.036399
3.61802
3.209163
3.309514
3.24877
3.568411
3.798216
3.447166
3.370659
3.03686
3.517546
3.600017
3.44733
3.298595
3.229821
3.868846
3.453376
3.405476
3.646459
3.988822
3.182682
3.705732
3.07363
3.816371
3.436714
3.602333
3.117538
3.457687
3.721974
3.120621
3.772654
3.452943
3.44605
3.250922
3.715559
3.416049
3.130762
3.711472
3.525259
3.505724
3.881107
3.779975
3.407045
3.28756
3.536218
3.832044
3.994241
3.040969
3.77664
3.492002
3.0631
3.415648
3.515903
3.558963
3.601308
3.538933
3.776012
3.066051
3.527492
3.468938
3.967156
3.500208
3.839483
3.465219
3.683463
3.07916
3.163245
3.276695
3.734494
3.959549
3.182116
3.835728
3.003302
3.29436
3.101241
3.558196
3.821299
3.71081
3.831679
3.90277
3.454093
3.248885
3.732867
3.813536
3.531222
3.413711
3.067368
3.199053
3.274535
3.206901
3.62625
3.881841
3.891342
3.284419
3.877177
3.591382
3.606471
3.405701
3.452071
3.295068
3.793241
3.587888
3.639585
3.009715
3.579222
3.822393
3.296266
3.944626
3.809795
3.029681
3.995094
3.320484
3.76702
3.122525
3.451025
3.715829
3.901564
3.332186
3.013006
3.607089
3.543302
3.437619
3.183671
3.764957
3.011833
3.754063
3.223965
3.964294
3.935168
3.994213
3.958114
3.675361
3.476739
3.95266
3.555825
3.287513
3.057822
3.011596
3.661554
3.995587
3.503184
3.06606
3.018048
3.823915
3.899692
3.263064
3.545662
3.73355
3.142374
3.656693
3.394695
3.64924
3.231328
3.952785
3.375609
3.1391
3.027732
3.960512
3.310743
3.494409
3.537815
3.966936
3.013486
3.232158
3.13036
3.589767
3.783968
3.255454
3.16341
3.639893
3.757279
3.840722
3.051517
3.571787
3.25407
3.879908
3.290739
3.634642
3.661746
3.422819
3.363813
3.689375
3.734016
3.907475
3.263393
3.589228
3.751322
3.809922
3.773661
3.39396
3.730084
3.501736
3.538473
3.174372
3.510324
3.913573
3.388406
3.116743
3.238568
3.870694
3.410466
3.872586
3.424036
3.526869
3.163788
3.958206
3.501017
3.607794
3.342321
3.399291
3.166729
3.592126
3.537534
3.738533
3.80005
3.070919
3.333733
3.693018
3.905091
3.084419
3.793602
3.35021
3.486097
3.847999
3.141112
3.370166
3.187553
3.996081
3.984447
3.98909
3.126969
3.623424
3.659349
3.22873
3.460797
3.567001
4.114324
4.790639
4.394608
4.693878
4.051164
4.772971
4.93859
4.627672
4.369973
4.393147
4.606386
4.167663
4.011788
4.417196
4.196632
4.944098
4.330667
4.649999
4.169232
4.953466
4.484455
4.556346
4.035186
4.804478
4.235382
4.306721
4.949688
4.909136
4.28862
4.833599
4.418303
4.289904
4.31022
4.076947
4.239504
4.063324
4.493909
4.767483
4.63573
4.341119
4.283901
4.421726
4.408876
4.107626
4.917223
4.093197
4.151375
4.215084
4.533681
4.071668
4.297525
4.155505
4.733493
4.905518
4.431729
4.10868
4.836995
4.459531
4.039413
4.601338
4.397468
4.356271
4.292583
4.863293
4.880248
4.438941
4.84155
4.757269
4.047972
4.10009
4.492697
4.177712
4.028776
4.176974
4.289526
4.373271
4.89864
4.80102
4.264961
4.318577
4.866751
4.269295
4.549014
4.988678
4.374049
4.546869
4.360692
4.643106
4.68095
4.593492
4.348482
4.556214
4.671334
4.108383
4.958495
4.362053
4.696057
4.823955
4.393484
4.614099
4.566461
4.206254
4.103678
4.964156
4.181818
4.109518
4.083008
4.920577
4.679286
4.988417
4.942703
4.567139
4.923502
4.240532
4.094804
4.564217
4.222361
4.961321
4.277491
4.170277
4.185148
4.151638
4.696674
4.658513
4.192582
4.379488
4.860834
4.306305
4.172072
4.729438
4.387388
4.230076
4.98109
4.200914
4.745699
4.534787
4.811462
4.302279
4.402585
4.076033
4.511965
4.669596
4.691848
4.895927
4.220596
4.612743
4.392081
4.646992
4.370285
4.20549
4.481692
4.23531
4.748069
4.465699
4.015016
4.656814
4.865269
4.083962
4.980368
4.062234
4.996846
4.886464
4.039931
4.955734
4.673145
4.031208
4.445372
4.982593
4.531219
4.630797
4.333159
4.704911
4.996863
4.832234
4.475634
4.44639
4.674744
4.470197
4.681889
4.712446
4.753038
4.404933
4.709752
4.169229
4.295891
4.478955
4.898842
4.994616
4.224207
4.545428
4.539507
4.753288
4.163065
4.970852
4.589964
4.383156
4.599419
4.345736
4.369638
4.286806
4.653076
4.893761
4.973477
4.804315
4.655121
4.734849
4.367734
4.481328
4.076797
4.490451
4.810774
4.505993
4.419924
4.950549
4.758579
4.313879
4.680634
4.184055
4.780548
4.548556
4.746156
4.255386
4.128529
4.230484
4.685034
4.981918
4.583468
4.223558
4.385247
4.295232
4.328675
4.402534
4.195796
4.881522
4.492408
4.350886
4.885371
4.103391
4.329988
4.127691
4.253823
4.270933
4.843022
4.960304
4.284525
4.896003
4.78759
4.312693
4.033657
4.663329
4.160819
4.115902
4.646179
4.022711
4.92038
4.464231
4.332422
4.548179
4.141806
4.588571
4.033762
4.294264
4.365719
4.20934
4.959203
4.959227
4.463405
4.964861
4.881402
4.802099
4.187717
4.650506
4.628398
4.646227
4.673981
4.756363
4.761684
4.615575
4.131286
4.443205
4.527924
4.959527
4.496393
4.768219
4.246298
4.925995
4.654768
4.441559
4.275196
4.9151
4.992207
4.08418
4.785731
4.884268
4.613322
4.88076
4.034798
4.227588
4.36664
4.213814
4.908757
4.36273
4.001449
4.569903
4.493919
4.389708
4.283209
4.142669
4.704469
4.152335
4.363291
4.762312
4.765802
4.975094
4.616241
4.529766
4.645971
4.0485
4.957125
4.96082
4.456973
4.624889
4.810658
4.108155
4.917318
4.633681
4.081832
4.803545
4.8686
4.238798
4.019751
4.464998
4.46223
4.667227
4.151464
4.123854
4.763024
4.501638
4.343411
4.515179
4.45732
4.690809
4.211714
4.239106
4.929127
4.258838
4.095443
4.729117
4.049645
4.165689
4.459634
4.892341
4.744118
4.100345
4.772531
4.074396
4.804028
4.11985
4.792428
4.911838
4.723963
4.504085
4.137647
4.769344
4.218321
4.263858
4.838142
4.643405
4.948886
4.470095
4.357562
4.085606
4.824742
4.879285
4.499283
4.734274
4.504665
4.489769
4.527778
4.674699
4.49787
4.370394
4.686036
4.269558
4.662648
4.703961
4.861127
4.71958
4.013022
4.611886
4.828336
4.567148
4.034372
4.7079
4.341678
4.71414
4.515501
4.114611
4.487165
4.931939
4.273857
4.542871
4.395013
4.67993
4.91785
4.704404
4.42968
4.398214
4.905934
4.00911
4.313926
4.151694
4.795446
4.971493
4.832257
4.949085
4.854502
4.470244
4.196462
4.028643
4.120086
4.466793
4.122027
4.704159
4.644607
4.667037
4.061022
4.196713
4.239699
4.517363
4.774752
4.294307
4.66441
4.639947
4.015334
4.016495
4.092757
4.414949
4.695455
4.080335
4.221743
4.830307
4.97881
4.934497
4.243185
4.02826
4.150856
4.078397
4.5035
4.755984
4.051176
4.631147
4.464217
4.164695
4.468344
4.452878
4.833276
4.278384
4.302419
4.413623
4.716522
4.070655
4.252736
4.627101
4.116236
4.692924
4.145271
4.068984
4.692823
4.805173
4.992323
4.926352
4.226713
4.758397
4.272439
4.689829
4.747825
4.426875
4.912603
4.111842
4.696513
4.84709
4.492066
4.122343
4.213981
4.950474
4.037346
4.681988
4.667426
4.67259
4.448899
4.160944
4.579136
4.861231
4.728617
4.309209
4.77512
4.735044
4.254671
4.415534
4.81544
4.506991
4.210856
4.338466
4.413992
4.101275
4.375241
4.78661
4.972178
4.910944
4.070084
4.8408
4.187601
4.436655
4.522057
4.678425
4.518799
4.026363
4.386636
4.291843
4.948745
4.862302
4.576102
4.329188
4.655013
4.108595
4.153996
4.73095
4.255735
4.657764
4.268668
4.314473
4.924562
4.851531
4.146181
4.022998
4.895101
4.101121
4.071388
4.698837
4.404103
4.770727
4.968738
4.593027
4.06073
4.399546
4.186628
4.765097
4.155559
4.646498
5.087186
5.935493
5.608868
5.248188
5.611396
5.849298
5.889841
5.362069
5.191438
5.629288
5.095412
5.551264
5.334439
5.087573
5.555575
5.991029
5.393617
5.075677
5.036328
5.787149
5.950749
5.438794
5.967888
5.077315
5.96193
5.561356
5.156679
5.454434
5.971879
5.219567
5.545584
5.846694
5.440688
5.961047
5.991904
5.136316
5.363538
5.425626
5.890114
5.146275
5.509253
5.920424
5.077856
5.721987
5.753555
5.925728
5.759513
5.412036
5.598992
5.156674
5.729044
5.299667
5.322143
5.703741
5.662527
5.45908
5.689014
5.260402
5.401484
5.283377
5.339527
5.072034
5.631303
5.597669
5.377542
5.014206
5.205696
5.4301
5.140825
5.563632
5.407263
5.498946
5.077161
5.491566
5.257048
5.877024
5.963207
5.38099
5.951038
5.979237
5.111436
5.648682
5.540793
5.676553
5.110913
5.197053
5.336775
5.2887
5.979898
5.577635
5.001063
5.722157
5.638176
5.765868
5.548719
5.757353
5.97233
5.454523
5.950379
5.046046
5.171973
5.862308
5.575944
5.885016
5.103271
5.464148
5.177741
5.877538
5.907395
5.118559
5.377062
5.53511
5.947536
5.616615
5.439352
5.523582
5.830427
5.905997
5.522199
5.100636
5.088793
5.105898
5.667473
5.944902
5.169251
5.245685
5.136086
5.180271
5.15872
5.754684
5.047936
5.034713
5.165595
5.442369
5.59604
5.660823
5.90226
5.927546
5.697439
5.970714
5.543497
5.025802
5.763906
5.480318
5.363467
5.919323
5.456789
5.151515
5.68988
5.209862
5.332823
5.374043
5.006081
5.08193
5.459633
5.19609
5.843996
5.335982
5.247085
5.065379
5.004352
5.88457
5.055628
5.507094
5.47306
5.630113
5.279334
5.799513
5.355001
5.715491
5.02308
5.960753
5.540773
5.184965
5.412415
5.001646
5.092683
5.018722
5.098526
5.919198
5.479687
5.505942
5.42001
5.277378
5.793928
5.362692
5.747154
5.20671
5.646714
5.562631
5.451125
5.870369
5.436396
5.185957
5.826346
5.007072
5.933975
5.45172
5.799602
5.60697
5.122779
5.982951
5.515754
5.112735
5.596176
5.452525
5.252687
5.730434
5.309442
5.736504
5.129795
5.735009
5.361776
5.747999
5.185914
5.9358
5.601866
5.02468
5.20339
5.530886
5.256908
5.342065
5.592215
5.821486
5.593731
5.152667
5.965935
5.313299
5.412927
5.537288
5.656948
5.739125
5.508787
5.682569
5.997653
5.169682
5.910289
5.796318
5.013255
5.462528
5.380998
5.038863
5.118699
5.901887
5.986616
5.548259
5.146769
5.516371
5.815545
5.89692
5.603568
5.016273
5.090537
5.747366
5.261943
5.265495
5.868953
5.9452
5.915682
5.051446
5.190015
5.395565
5.727923
5.157855
5.218012
5.782894
5.466551
5.607455
5.692716
5.667992
5.981602
5.081604
5.177958
5.409182
5.167252
5.549837
5.491913
5.54942
5.416787
5.785873
5.126519
5.754036
5.3505
5.8459
5.89441
5.25203
5.704992
5.187326
5.046716
5.685488
5.444338
5.142352
5.813613
5.335641
5.060442
5.107466
5.465184
5.74516
5.188241
5.282279
5.535925
5.728134
5.033646
5.483457
5.643224
5.223014
5.641512
5.875916
5.223917
5.585401
5.826572
5.935173
5.966433
5.16003
5.065779
5.081314
5.031527
5.606279
5.855736
5.741105
5.484058
5.11201
5.37711
5.298811
5.175031
5.233754
5.791186
5.330824
5.704817
5.88629
5.028474
5.261627
5.512585
5.63669
5.321565
5.881534
5.810973
5.586342
5.912357
5.347099
5.160185
5.719372
5.89156
5.622603
5.684502
5.289879
5.33718
5.170959
5.21693
5.257573
6.96692
6.819107
6.556439
6.794651
6.234314
6.845783
6.033432
6.222884
6.884113
6.14969
6.794633
6.741932
6.136436
6.340631
6.66431
6.718174
6.122332
6.064474
6.669118
6.544246
6.585807
6.232386
6.898721
6.545123
6.365508
6.347702
6.655863
6.550438
6.888614
6.648415
6.511501
6.942212
6.574459
6.351571
6.931558
6.185379
6.824992
6.358351
6.658369
6.013901
6.365986
6.543402
6.931662
6.849612
6.33677
6.465779
6.941785
6.537756
6.808705
6.128498
6.408526
6.007531
6.960761
6.357034
6.143126
6.12437
6.619908
6.347642
6.655088
6.171005
6.050831
6.089253
6.382408
6.335169
6.830337
6.534602
6.248357
6.206521
6.426546
6.62001
6.608608
6.54127
6.1565
6.478552
6.471477
6.487918
6.057639
6.596137
6.622704
6.88988
6.966435
6.470111
6.842354
6.937938
6.686254
6.880709
6.93918
6.455203
6.950325
6.128315
6.452588
6.445021
6.948667
6.898878
6.938599
6.203644
6.607553
6.889746
6.450552
6.193564
7.843055
7.113294
7.248705
7.557369
7.444036
7.342229
7.708775
7.038267
7.279959
7.486193
7.589512
7.224956
7.370131
7.236492
7.127959
7.059078
7.805887
7.433784
7.440145
7.349439
7.107215
7.68942
7.324258
7.569209
7.434666
8.682316
8.354092
8.39923
8.462333
8.082854
8.205407
8.26927
8.901223
8.009314
8.007026
8.679226
8.896872
8.025874
8.87289
8.489182
8.486171
8.029584
8.14454
8.49762
8.939985
9.11647
9.588773
9.227563
9.694908
9.337155
