name	team	position	G	AB	R	H	2B	3B	HR	RBI	TB	BB	SO	SB	CS	OBP	SLG	AVG
I Suzuki	SEA	OF	162	680	74	214	30	3	6	43	268	45	86	42	9	0.359	0.394	0.315
D Jeter	NYY	SS	157	663	111	179	30	3	10	67	245	63	106	18	5	0.34	0.37	0.27
M Young	TEX	3B	157	656	99	186	36	3	21	91	291	50	115	4	2	0.33	0.444	0.284
J Pierre	CWS	OF	160	651	96	179	18	3	1	47	206	45	47	68	18	0.341	0.316	0.275
R Weeks	MIL	2B	160	651	112	175	32	4	29	83	302	76	184	11	4	0.366	0.464	0.269
M Scutaro	BOS	SS	150	632	92	174	38	0	11	56	245	53	71	5	4	0.333	0.388	0.275
N Markakis	BAL	OF	160	629	79	187	45	3	12	60	274	73	93	7	2	0.37	0.436	0.297
D Span	MIN	OF	153	629	85	166	24	10	3	58	219	60	74	26	4	0.331	0.348	0.264
R Cano	NYY	2B	160	626	103	200	41	3	29	109	334	57	77	3	2	0.381	0.534	0.319
B Phillips	CIN	2B	155	626	100	172	33	5	18	59	269	46	83	16	12	0.332	0.43	0.275
R Braun	MIL	OF	157	619	101	188	45	1	25	103	310	56	105	14	3	0.365	0.501	0.304
A Jackson	DET	OF	151	618	103	181	34	10	4	41	247	47	170	27	6	0.345	0.4	0.293
H Kendrick	LAA	2B	158	616	67	172	41	4	10	75	251	28	94	14	4	0.313	0.407	0.279
H Pence	HOU	OF	156	614	93	173	29	3	25	91	283	41	105	18	9	0.325	0.461	0.282
C Headley	SD	3B	161	610	77	161	29	3	11	58	229	56	139	17	5	0.327	0.375	0.264
C McGehee	MIL	3B	157	610	70	174	38	1	23	104	283	50	102	1	1	0.337	0.464	0.285
M Cuddyer	MIN	1B	157	609	93	165	37	5	14	81	254	58	93	7	3	0.336	0.417	0.271
C Lee	HOU	OF	157	605	67	149	29	1	24	89	252	37	59	3	3	0.291	0.417	0.246
C Figgins	SEA	2B	161	602	62	156	21	2	1	35	184	74	114	42	15	0.34	0.306	0.259
M Kemp	LAD	OF	162	602	82	150	25	6	28	89	271	53	170	19	15	0.31	0.45	0.249
M Teixeira	NYY	1B	158	601	113	154	36	0	33	108	289	93	122	0	1	0.365	0.481	0.256
C Crawford	TB	OF	154	600	110	184	30	13	19	90	297	46	104	47	10	0.356	0.495	0.307
M Prado	ATL	2B	140	599	100	184	40	3	15	66	275	40	86	5	3	0.35	0.459	0.307
M Holliday	STL	OF	158	596	95	186	45	1	28	103	317	69	93	9	5	0.39	0.532	0.312
B Butler	KC	1B	158	595	77	189	45	0	15	78	279	69	78	0	0	0.388	0.469	0.318
V Guerrero	TEX	DH	152	593	83	178	27	1	29	115	294	35	60	4	5	0.345	0.496	0.3
J Lopez	SEA	3B	150	593	49	142	29	0	10	58	201	23	66	3	2	0.27	0.339	0.239
G Jones	PIT	1B	158	592	64	146	34	1	21	86	245	53	123	7	3	0.306	0.414	0.247
A Gonzalez	SD	1B	160	591	87	176	33	0	31	101	302	93	114	0	0	0.393	0.511	0.298
V Wells	TOR	OF	157	590	79	161	44	3	31	88	304	50	84	6	4	0.331	0.515	0.273
A Beltre	BOS	3B	154	589	84	189	49	2	28	102	326	40	82	2	1	0.365	0.553	0.321
D Uggla	FLA	2B	159	589	100	169	31	0	33	105	299	78	149	4	1	0.369	0.508	0.287
E Andrus	TEX	SS	148	588	88	156	15	3	0	35	177	64	96	32	15	0.342	0.301	0.265
J Loney	LAD	1B	161	588	67	157	41	2	10	88	232	52	95	10	5	0.329	0.395	0.267
C Gonzalez	COL	OF	145	587	111	197	34	9	34	117	351	40	135	26	8	0.376	0.598	0.336
A Pujols	STL	1B	159	587	115	183	39	1	42	118	350	103	76	14	4	0.414	0.596	0.312
S Victorino	PHI	OF	147	587	84	152	26	10	18	69	252	53	79	34	6	0.327	0.429	0.259
D Wright	NYM	3B	157	587	87	166	36	3	29	103	295	69	161	19	11	0.354	0.503	0.283
R Theriot	LAD	2B	150	586	72	158	15	2	2	29	183	41	74	20	9	0.321	0.312	0.27
K Johnson	ARI	2B	154	585	93	166	36	5	26	71	290	79	148	13	7	0.37	0.496	0.284
A Ramirez	CWS	SS	156	585	83	165	29	2	18	70	252	27	82	13	8	0.313	0.431	0.282
C Young	ARI	OF	156	584	94	150	33	0	27	91	264	74	145	28	7	0.341	0.452	0.257
A Jones	BAL	OF	149	581	76	165	25	5	19	69	257	23	119	7	7	0.325	0.442	0.284
T Wigginton	BAL	1B	154	581	63	144	29	1	22	76	241	50	116	0	1	0.312	0.415	0.248
M Byrd	CHC	OF	152	580	84	170	39	2	12	66	249	31	98	5	1	0.346	0.429	0.293
A Pagan	NYM	OF	151	579	80	168	31	7	11	69	246	44	97	37	9	0.34	0.425	0.29
P Fielder	MIL	1B	161	578	94	151	25	0	32	83	272	114	138	1	0	0.401	0.471	0.261
E Longoria	TB	3B	151	574	96	169	46	5	22	104	291	72	124	15	5	0.372	0.507	0.294
B Abreu	LAA	OF	154	573	88	146	41	1	20	78	249	87	132	24	10	0.352	0.435	0.255
T Hunter	LAA	OF	152	573	76	161	36	0	23	90	266	61	106	9	12	0.354	0.464	0.281
G Sanchez	FLA	1B	151	572	72	156	37	3	19	85	256	57	101	5	0	0.341	0.448	0.273
A McCutchen	PIT	OF	154	570	94	163	35	5	16	56	256	70	89	33	10	0.365	0.449	0.286
D Young	MIN	OF	153	570	77	170	46	1	21	112	281	28	81	5	4	0.333	0.493	0.298
J Bautista	TOR	OF	161	569	109	148	35	3	54	124	351	100	116	9	2	0.378	0.617	0.26
A Huff	SF	1B	157	569	100	165	35	5	26	86	288	83	91	7	0	0.385	0.506	0.29
A Lind	TOR	DH	150	569	57	135	32	3	23	72	242	38	144	0	0	0.287	0.425	0.237
F Gutierrez	SEA	OF	152	568	61	139	25	3	12	64	206	50	137	25	3	0.303	0.363	0.245
A Rios	CWS	OF	147	567	89	161	29	3	21	88	259	38	93	34	14	0.334	0.457	0.284
N Swisher	NYY	OF	150	566	91	163	33	3	29	89	289	58	139	1	2	0.359	0.511	0.288
S Drew	ARI	SS	151	565	83	157	33	12	15	61	259	62	108	10	5	0.352	0.458	0.278
J Reyes	NYM	SS	133	563	83	159	29	10	11	54	241	31	63	30	10	0.321	0.428	0.282
P Sandoval	SF	3B	152	563	61	151	34	3	13	63	230	47	81	3	2	0.323	0.409	0.268
A Callaspo	LAA	3B	146	562	61	149	27	2	10	56	210	31	42	5	3	0.302	0.374	0.265
R Ibanez	PHI	OF	155	561	75	154	37	5	16	83	249	68	108	4	3	0.349	0.444	0.275
A LaRoche	ARI	1B	151	560	75	146	37	2	25	100	262	48	172	0	1	0.32	0.468	0.261
A Dunn	WSH	1B	158	558	85	145	36	2	38	103	299	77	199	0	1	0.356	0.536	0.26
C Hart	MIL	OF	145	558	91	158	34	4	31	102	293	45	140	7	6	0.34	0.525	0.283
D Barton	OAK	1B	159	556	79	152	33	5	10	57	225	110	102	7	3	0.393	0.405	0.273
Y Betancourt	KC	SS	151	556	60	144	29	2	16	78	225	23	64	2	3	0.288	0.405	0.259
P Polanco	PHI	3B	132	554	76	165	27	2	6	52	214	32	47	5	0	0.339	0.386	0.298
J Werth	PHI	OF	156	554	106	164	46	2	27	85	295	82	147	13	3	0.388	0.532	0.296
K Kouzmanoff	OAK	3B	143	551	59	136	32	1	16	71	218	24	96	2	1	0.283	0.396	0.247
J Peralta	DET	SS	148	551	60	137	30	2	15	81	216	53	103	1	0	0.311	0.392	0.249
S Choo	CLE	OF	144	550	81	165	31	2	22	90	266	83	118	22	7	0.401	0.484	0.3
R Howard	PHI	1B	143	550	87	152	23	5	31	108	278	59	157	1	1	0.353	0.505	0.276
M Cabrera	DET	1B	150	548	111	180	45	1	38	126	341	89	95	3	3	0.42	0.622	0.328
P Konerko	CWS	1B	149	548	89	171	30	1	39	111	320	72	110	0	1	0.393	0.584	0.312
D Lee	ATL	1B	148	547	80	142	35	0	19	80	234	73	134	1	3	0.347	0.428	0.26
J Votto	CIN	1B	150	547	106	177	36	2	37	113	328	91	125	16	5	0.424	0.6	0.324
H Ramirez	FLA	SS	142	543	92	163	28	2	21	76	258	64	93	32	10	0.378	0.475	0.3
B Zobrist	TB	OF	151	541	77	129	28	2	10	75	191	92	107	24	3	0.346	0.353	0.238
J Damon	DET	DH	145	539	81	146	36	5	8	51	216	69	90	11	1	0.355	0.401	0.271
B Upton	TB	OF	154	536	89	127	38	4	18	62	227	67	164	42	9	0.322	0.424	0.237
M Bourn	HOU	OF	141	535	84	142	25	6	2	38	185	59	109	52	12	0.341	0.346	0.265
E Aybar	LAA	SS	138	534	69	135	18	4	5	29	176	35	81	22	8	0.306	0.33	0.253
L Overbay	TOR	1B	154	534	75	130	37	2	20	67	231	67	131	1	0	0.329	0.433	0.243
A Hill	TOR	2B	138	528	70	108	22	0	26	68	208	41	85	2	2	0.271	0.394	0.205
R Davis	OAK	OF	143	525	66	149	28	3	5	52	198	26	78	50	11	0.32	0.377	0.284
I Desmond	WSH	SS	154	525	59	141	27	4	10	65	206	28	109	17	5	0.308	0.392	0.269
C Ross	SF	OF	153	525	71	141	28	3	14	65	217	37	121	9	2	0.322	0.413	0.269
R Zimmerman	WSH	3B	142	525	85	161	32	0	25	85	268	69	98	4	1	0.388	0.51	0.307
I Davis	NYM	1B	147	523	73	138	33	1	19	71	230	72	138	3	2	0.351	0.44	0.264
A Rodriguez	NYY	3B	137	522	74	141	29	2	30	125	264	59	98	4	3	0.341	0.506	0.27
J Uribe	SF	SS	148	521	64	129	24	2	24	85	229	45	92	1	2	0.31	0.44	0.248
J Heyward	ATL	OF	142	520	83	144	29	5	18	72	237	91	128	11	6	0.393	0.456	0.277
J Hamilton	TEX	OF	133	518	95	186	40	3	32	100	328	43	95	8	1	0.411	0.633	0.359
J Kubel	MIN	OF	143	518	68	129	23	3	21	92	221	56	116	0	1	0.323	0.427	0.249
D Ortiz	BOS	DH	145	518	86	140	36	1	32	102	274	82	145	0	1	0.37	0.529	0.27
A Ethier	LAD	OF	139	517	71	151	33	1	23	82	255	59	102	2	1	0.364	0.493	0.292
B Inge	DET	3B	144	514	47	127	28	5	13	70	204	54	134	4	3	0.321	0.397	0.247
J Keppinger	HOU	2B	137	514	62	148	34	1	6	59	202	51	36	4	1	0.351	0.393	0.288
D Stubbs	CIN	OF	150	514	91	131	19	6	22	77	228	55	168	30	6	0.329	0.444	0.255
J Gomes	CIN	OF	148	511	77	136	24	3	18	86	220	39	123	5	3	0.327	0.431	0.266
J Mauer	MIN	C	137	510	88	167	43	1	9	75	239	65	53	1	4	0.402	0.469	0.327
C Blake	LAD	3B	146	509	56	126	28	1	17	64	207	48	138	0	4	0.32	0.407	0.248
J Bruce	CIN	OF	148	509	80	143	23	5	25	70	251	58	136	5	4	0.353	0.493	0.281
N Morgan	WSH	OF	136	509	60	129	17	7	0	24	160	40	88	34	17	0.319	0.314	0.253
C Pennington	OAK	SS	156	508	64	127	26	8	6	46	187	50	96	29	5	0.319	0.368	0.25
A Torres	SF	OF	139	507	84	136	43	8	16	63	243	56	128	26	7	0.343	0.479	0.268
A Escobar	MIL	SS	145	506	57	119	14	10	4	41	165	36	70	10	4	0.288	0.326	0.235
M Reynolds	ARI	3B	145	499	79	99	17	2	32	85	216	83	211	7	4	0.32	0.433	0.198
O Hudson	MIN	2B	126	497	80	133	24	5	6	37	185	50	87	10	3	0.338	0.372	0.268
A Soriano	CHC	OF	147	496	67	128	40	3	24	79	246	45	123	5	1	0.322	0.496	0.258
K Suzuki	OAK	C	131	495	55	120	18	2	13	71	181	33	49	3	2	0.303	0.366	0.242
J Upton	ARI	OF	133	495	73	135	27	3	17	69	219	64	152	18	8	0.356	0.442	0.273
O Cabrera	CIN	SS	123	494	64	130	33	0	4	42	175	28	53	11	4	0.303	0.354	0.263
V Martinez	BOS	C	127	493	64	149	32	1	20	79	243	40	52	1	0	0.351	0.493	0.302
R Ludwick	SD	OF	136	490	63	123	27	2	17	69	205	48	121	0	4	0.325	0.418	0.251
C Pena	TB	1B	144	484	64	95	18	0	28	84	197	87	158	5	1	0.325	0.407	0.196
H Matsui	LAA	DH	145	482	55	132	24	1	21	84	221	67	98	0	1	0.361	0.459	0.274
B McCann	ATL	C	143	479	63	129	25	0	21	77	217	74	98	5	2	0.375	0.453	0.269
J Drew	BOS	OF	139	478	69	122	24	2	22	68	216	60	105	3	1	0.341	0.452	0.255
B Gardner	NYY	OF	150	477	97	132	20	7	5	47	181	79	101	47	9	0.383	0.379	0.277
S Schumaker	STL	2B	137	476	66	126	18	1	5	42	161	43	64	5	3	0.328	0.338	0.265
A Pierzynski	CWS	C	128	474	43	128	29	0	9	56	184	15	39	3	4	0.3	0.388	0.27
C Izturis	BAL	SS	150	473	42	109	13	1	1	28	127	25	53	11	5	0.277	0.268	0.23
O Infante	ATL	2B	134	471	65	151	15	3	8	47	196	29	62	7	6	0.359	0.416	0.321
S Rolen	CIN	3B	133	471	66	134	34	3	20	83	234	50	82	1	2	0.358	0.497	0.285
T Tulowitzki	COL	SS	122	470	89	148	32	3	27	95	267	48	78	11	2	0.381	0.568	0.315
J Bartlett	TB	SS	135	468	71	119	27	3	4	47	164	45	83	11	6	0.324	0.35	0.254
R Cedeno	PIT	SS	139	468	42	120	29	3	8	38	179	23	106	12	3	0.293	0.382	0.256
C Granderson	NYY	OF	136	466	76	115	17	7	24	67	218	53	116	12	2	0.324	0.468	0.247
Y Molina	STL	C	136	465	34	122	19	0	6	62	159	42	51	8	4	0.329	0.342	0.262
A Ramirez	CHC	3B	124	465	61	112	21	1	25	83	210	34	90	0	0	0.294	0.452	0.241
B Boesch	DET	OF	133	464	49	119	26	3	14	67	193	40	99	7	1	0.32	0.416	0.256
C Rasmus	STL	OF	144	464	85	128	28	3	23	66	231	63	148	12	8	0.361	0.498	0.276
S Castro	CHC	SS	125	463	53	139	31	5	3	41	189	29	71	10	8	0.347	0.408	0.3
M Cabrera	ATL	OF	147	458	50	117	27	3	4	42	162	42	64	7	1	0.317	0.354	0.255
M Napoli	LAA	1B	140	453	60	108	24	1	26	68	212	42	137	4	2	0.316	0.468	0.238
C Quentin	CWS	OF	131	453	73	110	25	2	26	87	217	50	83	2	2	0.342	0.479	0.243
L Scott	BAL	DH	131	447	70	127	29	1	27	72	239	59	98	2	0	0.368	0.535	0.284
M Wieters	BAL	C	130	446	37	111	22	1	11	55	168	47	94	0	1	0.319	0.377	0.249
G Beckham	CWS	2B	131	444	58	112	25	2	9	49	168	37	92	4	6	0.317	0.378	0.252
T Crowe	CLE	OF	122	442	48	111	24	3	2	36	147	29	73	20	7	0.302	0.333	0.251
D Eckstein	SD	2B	116	442	49	118	23	0	1	29	144	27	35	8	1	0.321	0.326	0.267
B DeWitt	CHC	2B	135	440	47	115	24	5	5	52	164	47	86	3	2	0.336	0.373	0.261
D Fowler	COL	OF	132	439	73	114	20	14	6	36	180	57	104	13	8	0.347	0.41	0.26
B Ryan	STL	SS	139	439	50	98	19	3	2	36	129	33	60	11	4	0.279	0.294	0.223
J Borbon	TEX	OF	137	438	60	121	11	4	3	42	149	19	59	15	7	0.309	0.34	0.276
M Ellis	OAK	2B	124	436	45	127	24	0	5	49	166	40	56	7	6	0.358	0.381	0.291
J Kendall	KC	C	118	434	39	111	18	0	0	37	129	37	45	12	7	0.318	0.297	0.256
F Sanchez	SF	2B	111	431	55	126	22	1	7	47	171	32	68	3	1	0.342	0.397	0.292
J Hairston	SD	SS	119	430	53	105	13	2	10	50	152	31	54	9	6	0.299	0.353	0.244
F Lewis	TOR	OF	110	428	70	112	31	5	8	36	177	38	104	17	6	0.332	0.414	0.262
N Walker	PIT	2B	110	426	57	126	29	3	12	66	197	34	83	2	3	0.349	0.462	0.296
C Utley	PHI	2B	115	425	75	117	20	2	16	65	189	63	63	13	2	0.387	0.445	0.275
M Aviles	KC	2B	110	424	63	129	16	3	8	32	175	20	49	14	5	0.335	0.413	0.304
D Murphy	TEX	OF	138	419	54	122	26	2	12	65	188	45	71	14	2	0.358	0.449	0.291
J Rivera	LAA	OF	124	416	53	105	20	0	15	52	170	33	58	2	2	0.312	0.409	0.252
R Bernadina	WSH	OF	134	414	52	102	18	3	11	47	159	35	93	16	2	0.307	0.384	0.246
C Kotchman	SEA	1B	125	414	37	90	20	1	9	51	139	35	57	0	0	0.28	0.336	0.217
T Glaus	ATL	1B	128	412	52	99	18	0	16	71	165	63	100	0	0	0.344	0.4	0.24
J Buck	TOR	C	118	409	53	115	25	0	20	66	200	16	111	0	0	0.314	0.489	0.281
P Feliz	STL	3B	137	409	36	89	12	2	5	40	120	13	41	1	1	0.24	0.293	0.218
R Doumit	PIT	C	124	406	42	102	22	1	13	45	165	41	87	1	0	0.331	0.406	0.251
B Posey	SF	C	108	406	58	124	23	2	18	67	205	30	55	0	2	0.357	0.505	0.305
J Tabata	PIT	OF	102	405	61	121	21	4	4	35	162	28	57	19	7	0.346	0.4	0.299
A Kearns	NYY	OF	120	403	55	106	21	1	10	49	159	46	116	4	1	0.351	0.395	0.263
J Francoeur	NYM	OF	124	401	43	95	16	2	11	54	148	29	76	8	2	0.293	0.369	0.237
M Tejada	BAL	3B	97	401	40	108	16	0	7	39	145	15	39	0	0	0.308	0.362	0.269
N Cruz	TEX	OF	108	399	60	127	31	3	22	78	230	38	81	17	4	0.374	0.576	0.318
T Helton	COL	1B	118	398	48	102	18	1	8	37	146	67	90	0	0	0.362	0.367	0.256
I Rodriguez	WSH	C	111	398	32	106	18	1	4	49	138	16	66	2	3	0.294	0.347	0.266
J Guillen	KC	DH	106	396	46	101	17	2	16	62	170	27	84	1	0	0.314	0.429	0.255
T Hafner	CLE	DH	118	396	46	110	29	0	13	50	178	51	94	2	1	0.374	0.449	0.278
M Olivo	COL	C	112	394	55	106	17	6	14	58	177	27	117	7	4	0.315	0.449	0.269
W Venable	SD	OF	131	392	60	96	11	7	13	51	160	45	128	29	7	0.324	0.408	0.245
I Kinsler	TEX	2B	103	391	73	112	20	1	9	45	161	56	57	15	5	0.382	0.412	0.286
S Podsednik	KC	OF	95	390	46	121	8	6	5	44	156	29	57	30	12	0.353	0.4	0.31
C Barmes	COL	2B	133	387	43	91	21	0	8	50	136	35	66	3	2	0.305	0.351	0.235
I Stewart	COL	3B	121	386	54	99	14	2	18	61	171	45	110	5	2	0.338	0.443	0.256
R Furcal	LAD	SS	97	383	66	115	23	7	8	43	176	40	60	22	4	0.366	0.46	0.3
J Posada	NYY	C	120	383	49	95	23	1	18	57	174	59	99	3	1	0.357	0.454	0.248
A Cabrera	CLE	SS	97	381	39	105	16	1	3	29	132	25	60	6	4	0.326	0.346	0.276
L Milledge	PIT	OF	113	379	38	105	21	3	4	34	144	28	62	5	3	0.332	0.38	0.277
R Branyan	SEA	DH	109	376	47	89	19	0	25	57	183	46	131	1	0	0.323	0.487	0.237
M LaPorta	CLE	1B	110	376	41	83	15	1	12	41	136	46	82	0	0	0.306	0.362	0.221
F Lopez	STL	3B	109	376	50	87	18	1	7	36	128	43	77	8	2	0.31	0.34	0.231
J Cantu	FLA	3B	97	374	41	98	25	0	10	54	153	23	76	0	0	0.31	0.409	0.262
M Maier	KC	OF	117	373	41	98	15	6	5	39	140	41	68	3	2	0.333	0.375	0.263
R Raburn	DET	OF	113	371	54	104	25	1	15	62	176	27	92	2	2	0.34	0.474	0.28
C Ruiz	PHI	C	121	371	43	112	28	1	8	53	166	55	54	0	1	0.4	0.447	0.302
J Willingham	WSH	OF	114	370	54	99	19	2	16	56	170	67	85	8	0	0.389	0.459	0.268
G Parra	ARI	OF	133	364	31	95	19	6	3	30	135	23	76	1	0	0.308	0.371	0.261
K Youkilis	BOS	1B	102	362	77	111	26	5	19	62	204	58	67	4	1	0.411	0.564	0.307
J Wilson	SEA	SS	108	361	22	82	14	2	2	25	106	14	74	5	0	0.278	0.294	0.227
M Stanton	FLA	OF	100	359	45	93	21	1	22	59	182	34	123	5	2	0.326	0.507	0.259
C Coghlan	FLA	OF	91	358	60	96	20	3	5	28	137	33	84	10	3	0.335	0.383	0.268
T Colvin	CHC	OF	135	358	60	91	18	5	20	56	179	30	100	6	1	0.316	0.5	0.254
K Fukudome	CHC	OF	130	358	45	94	20	2	13	44	157	64	67	7	8	0.371	0.439	0.263
S Smith	COL	OF	133	358	55	88	19	5	17	52	168	35	67	2	1	0.314	0.469	0.246
D DeJesus	KC	OF	91	352	46	112	23	3	5	37	156	34	47	3	3	0.384	0.443	0.318
J Carroll	LAD	SS	133	351	48	102	15	1	0	23	119	51	64	12	4	0.379	0.339	0.291
J Rollins	PHI	SS	88	350	48	85	16	3	8	41	131	40	32	17	1	0.32	0.374	0.243
J Cust	OAK	DH	112	349	50	95	19	0	13	52	153	68	127	2	2	0.395	0.438	0.272
J Bay	NYM	OF	95	348	48	90	20	6	6	47	140	44	91	10	0	0.347	0.402	0.259
J Smoak	SEA	1B	100	348	40	76	14	0	13	48	129	46	91	1	0	0.307	0.371	0.218
P Alvarez	PIT	3B	95	347	42	89	21	1	16	64	160	37	119	0	0	0.326	0.461	0.256
B Hall	BOS	OF	119	344	44	85	16	1	18	46	157	34	104	9	1	0.316	0.456	0.247
O Vizquel	CWS	3B	108	344	36	95	11	1	2	30	114	34	45	11	7	0.341	0.331	0.276
S Rodriguez	TB	2B	118	343	53	86	19	2	9	40	136	21	97	13	3	0.308	0.397	0.251
A Kennedy	WSH	2B	135	342	43	85	16	1	3	31	112	37	44	14	2	0.327	0.327	0.249
C Johnson	HOU	3B	94	341	40	105	22	2	11	52	164	15	91	3	0	0.337	0.481	0.308
R Spilborghs	COL	OF	134	341	41	95	20	2	10	39	149	39	83	4	5	0.36	0.437	0.279
J Hardy	MIN	SS	101	340	44	91	19	3	6	38	134	28	54	1	1	0.32	0.394	0.268
J Jaso	TB	C	109	339	57	89	18	3	5	44	128	59	39	4	0	0.372	0.378	0.263
W Valdez	PHI	SS	111	333	37	86	16	3	4	35	120	21	43	7	0	0.306	0.36	0.258
E Encarnacion	TOR	3B	96	332	47	81	16	0	21	51	160	29	60	1	0	0.305	0.482	0.244
R Martin	LAD	C	97	331	45	82	13	0	5	26	110	48	61	6	2	0.347	0.332	0.248
J Nix	CLE	3B	102	331	32	74	15	0	14	34	131	20	87	1	2	0.281	0.396	0.224
A Rowand	SF	OF	105	331	42	76	12	2	11	34	125	16	74	5	3	0.281	0.378	0.23
A Gonzalez	TOR	SS	85	328	47	85	25	1	17	50	163	17	65	1	0	0.296	0.497	0.259
M Kotsay	CWS	DH	107	327	30	78	17	2	8	31	123	32	36	1	3	0.306	0.376	0.239
Y Torrealba	SD	C	95	325	31	88	14	0	7	37	123	33	67	7	5	0.343	0.378	0.271
M Ordonez	DET	OF	84	323	56	98	17	1	12	59	153	40	38	1	0	0.378	0.474	0.303
G Soto	CHC	C	105	322	47	90	19	0	17	53	160	62	83	0	1	0.393	0.497	0.28
R Santiago	DET	SS	112	320	38	84	9	1	3	22	104	30	56	2	2	0.337	0.325	0.263
C Guzman	WSH	2B	89	319	44	90	11	4	2	25	115	17	53	4	2	0.327	0.361	0.282
D McDonald	BOS	OF	117	319	40	86	18	3	9	34	137	30	85	9	1	0.336	0.429	0.27
C Snyder	PIT	C	105	319	34	66	9	0	15	48	120	52	94	0	0	0.32	0.376	0.207
C Jones	ATL	3B	95	317	47	84	21	0	10	46	135	61	47	5	0	0.381	0.426	0.265
X Nady	CHC	1B	119	317	33	81	13	0	6	33	112	17	85	0	0	0.306	0.353	0.256
M Mora	COL	3B	113	316	39	90	12	5	7	45	133	31	53	2	1	0.358	0.421	0.285
R Paulino	FLA	C	91	316	31	82	18	0	4	37	112	25	51	1	0	0.311	0.354	0.259
R Barajas	LAD	C	99	313	39	75	14	0	17	47	140	13	54	0	0	0.284	0.447	0.24
R Hernandez	CIN	C	97	313	30	93	18	1	7	48	134	29	49	0	0	0.364	0.428	0.297
C Patterson	BAL	OF	90	308	43	83	16	1	8	32	125	20	75	21	4	0.315	0.406	0.269
R Sweeney	OAK	OF	82	303	41	89	20	2	1	36	116	24	41	1	1	0.342	0.383	0.294
D Pedroia	BOS	2B	75	302	53	87	24	1	12	41	149	37	38	9	1	0.367	0.493	0.288
R Brignac	TB	2B	113	301	39	77	13	1	8	45	116	20	77	3	3	0.307	0.385	0.256
D Valencia	MIN	3B	85	299	30	93	18	1	7	40	134	20	46	2	0	0.351	0.448	0.311
L Berkman	HOU	1B	85	298	39	73	16	1	13	49	130	60	70	3	2	0.372	0.436	0.245
T Snider	TOR	OF	82	298	36	76	20	0	14	32	138	21	79	6	3	0.304	0.463	0.255
M Brantley	CLE	OF	72	297	38	73	9	3	3	22	97	22	38	10	2	0.296	0.327	0.246
M Montero	ARI	C	85	297	36	79	20	2	9	43	130	29	71	0	1	0.332	0.438	0.266
J Donald	CLE	SS	88	296	39	75	19	3	4	24	112	22	70	5	1	0.312	0.378	0.253
J Morneau	MIN	1B	81	296	53	102	25	1	18	56	183	50	62	0	0	0.437	0.618	0.345
S Hairston	SD	OF	104	295	34	62	10	0	10	36	102	31	69	6	1	0.295	0.346	0.21
A Avila	DET	C	104	294	28	67	12	0	7	31	100	36	71	2	2	0.316	0.34	0.228
C Gomez	MIL	OF	97	291	38	72	11	3	5	24	104	17	72	18	3	0.298	0.357	0.247
C Maybin	FLA	OF	82	291	46	68	7	3	8	28	105	24	92	9	2	0.302	0.361	0.234
C Crisp	OAK	OF	75	290	51	81	14	4	8	38	127	30	49	32	3	0.342	0.438	0.279
P Burrell	SF	OF	96	289	41	77	16	0	18	51	147	47	77	0	2	0.364	0.509	0.266
T Gwynn	SD	OF	117	289	30	59	9	3	3	20	83	41	50	17	4	0.304	0.287	0.204
M Saunders	SEA	OF	100	289	29	61	11	2	10	33	106	35	84	6	3	0.295	0.367	0.211
F Pie	BAL	OF	82	288	39	79	15	5	5	31	119	13	52	5	2	0.305	0.413	0.274
J Jay	STL	OF	105	287	47	86	19	2	4	27	121	24	50	2	4	0.359	0.422	0.3
C Denorfia	SD	OF	99	284	41	77	15	2	9	36	123	27	51	8	4	0.335	0.433	0.271
E Hinske	ATL	OF	131	281	38	72	21	1	11	51	128	33	75	0	0	0.338	0.456	0.256
A Jones	CWS	OF	107	278	41	64	12	1	19	48	135	45	73	9	2	0.341	0.486	0.23
J Lucroy	MIL	C	75	277	24	70	9	0	4	26	91	18	44	4	2	0.3	0.329	0.253
W Betemit	KC	3B	84	276	36	82	20	0	13	43	141	36	74	0	0	0.378	0.511	0.297
J Thome	MIN	DH	108	276	48	78	16	2	25	59	173	60	82	0	0	0.412	0.627	0.283
L Valbuena	CLE	2B	91	275	22	53	12	0	2	24	71	28	61	1	2	0.273	0.258	0.193
N Hundley	SD	C	85	273	33	68	18	2	8	43	114	25	66	0	5	0.308	0.418	0.249
W Aybar	TB	DH	100	270	22	62	13	0	6	43	93	30	61	0	0	0.309	0.344	0.23
G Laird	DET	C	89	270	22	56	11	0	5	25	82	18	57	3	1	0.263	0.304	0.207
A Gonzalez	ATL	SS	72	267	27	64	17	2	6	38	103	14	53	0	2	0.291	0.386	0.24
F Cervelli	NYY	C	93	266	27	72	11	3	0	38	89	33	42	1	1	0.359	0.335	0.271
M Morse	WSH	OF	98	266	36	77	12	2	15	41	138	22	64	0	1	0.352	0.519	0.289
H Quintero	HOU	C	88	265	13	62	10	0	4	20	84	8	59	0	0	0.262	0.317	0.234
L Marson	CLE	C	87	262	29	51	15	0	3	22	75	26	55	8	1	0.274	0.286	0.195
Y Escobar	ATL	SS	75	261	28	62	12	0	0	19	74	37	31	5	1	0.334	0.284	0.238
B Hawpe	COL	OF	88	259	24	66	21	2	7	37	112	36	68	2	1	0.343	0.432	0.255
T Manzella	HOU	SS	83	258	17	58	7	0	1	21	68	13	71	0	1	0.267	0.264	0.225
A Rosales	OAK	2B	80	255	31	69	8	2	7	31	102	19	65	2	2	0.321	0.4	0.271
W Helms	FLA	3B	127	254	25	56	12	4	4	39	88	26	76	0	2	0.3	0.346	0.22
C Guillen	DET	2B	68	253	26	69	17	1	6	34	106	21	41	1	2	0.327	0.419	0.273
N Punto	MIN	3B	88	252	24	60	11	1	1	20	76	28	50	6	2	0.313	0.302	0.238
A Sanchez	HOU	SS	65	250	30	70	9	4	0	25	87	11	45	0	1	0.316	0.348	0.28
L Castillo	NYM	2B	86	247	28	58	4	2	0	17	66	39	25	8	3	0.337	0.267	0.235
A LaRoche	PIT	3B	102	247	26	51	8	0	4	16	71	19	43	1	1	0.268	0.287	0.206
J Edmonds	CIN	OF	86	246	44	68	23	0	11	23	124	24	60	2	0	0.342	0.504	0.276
M Bradley	SEA	OF	73	244	28	50	9	1	8	29	85	28	75	8	2	0.292	0.348	0.205
L Morrison	FLA	OF	62	244	43	69	20	7	2	18	109	41	51	0	1	0.39	0.447	0.283
E Renteria	SF	SS	72	243	26	67	11	2	3	22	91	21	43	3	0	0.332	0.374	0.276
A Gordon	KC	OF	74	242	34	52	10	0	8	20	86	34	62	1	5	0.315	0.355	0.215
N McLouth	ATL	OF	85	242	30	46	12	1	6	24	78	33	57	7	2	0.298	0.322	0.19
J Lugo	BAL	2B	93	241	26	60	4	2	0	20	68	15	50	5	7	0.298	0.282	0.249
M Fontenot	SF	2B	103	240	24	68	13	3	1	25	90	15	41	1	4	0.331	0.375	0.283
D Freese	STL	3B	70	240	28	71	12	1	4	36	97	21	59	1	1	0.361	0.404	0.296
D Kelly	DET	OF	119	238	30	58	4	0	9	27	89	8	42	3	0	0.272	0.374	0.244
M Treanor	TEX	C	82	237	22	50	6	1	5	27	73	22	43	1	2	0.287	0.308	0.211
Y Escobar	TOR	SS	60	236	32	65	7	0	4	16	84	19	26	1	1	0.34	0.356	0.275
M Tejada	SD	SS	59	235	31	63	10	0	8	32	97	15	28	2	0	0.317	0.413	0.268
M Teahen	CWS	3B	77	233	31	60	13	2	4	25	89	25	61	3	5	0.327	0.382	0.258
B Roberts	BAL	2B	59	230	28	64	14	0	4	15	90	26	40	12	2	0.354	0.391	0.278
S Duncan	CLE	OF	85	229	29	53	10	0	11	36	96	26	76	1	0	0.317	0.419	0.231
N Schierholtz	SF	OF	137	227	34	55	13	3	3	17	83	20	38	4	5	0.311	0.366	0.242
B Wood	LAA	3B	81	226	20	33	2	0	4	14	47	6	71	1	0	0.174	0.208	0.146
M Diaz	ATL	OF	84	224	27	56	17	2	7	31	98	13	44	3	1	0.302	0.438	0.25
C Getz	KC	2B	72	224	23	53	9	0	0	18	62	19	28	15	2	0.302	0.277	0.237
W Harris	WSH	OF	132	224	25	41	6	2	10	32	81	33	60	5	2	0.291	0.362	0.183
G Gross	OAK	OF	105	222	27	53	11	1	1	25	69	17	39	5	1	0.29	0.311	0.239
J Hermida	OAK	OF	73	222	19	48	12	0	6	29	78	16	58	1	0	0.268	0.351	0.216
J Herrera	COL	2B	76	222	34	63	6	2	1	21	76	25	36	2	2	0.352	0.342	0.284
C Beltran	NYM	OF	64	220	21	56	11	3	7	27	94	30	39	3	1	0.341	0.427	0.255
R Church	ARI	OF	106	219	25	44	16	1	5	25	77	16	65	1	0	0.265	0.352	0.201
M Lowell	BOS	1B	73	218	23	52	13	0	5	26	80	23	34	0	0	0.307	0.367	0.239
M Joyce	TB	OF	77	216	30	52	15	3	10	40	103	40	55	2	2	0.36	0.477	0.241
R Tejada	NYM	2B	78	216	28	46	12	0	1	15	61	22	38	2	2	0.305	0.282	0.213
K Hill	CHC	C	77	215	18	46	13	1	1	17	64	12	61	1	0	0.254	0.298	0.214
E Cabrera	SD	SS	76	212	22	44	6	3	1	22	59	19	54	10	6	0.279	0.278	0.208
M Izturis	LAA	3B	61	212	27	53	13	1	3	27	77	21	27	7	3	0.321	0.363	0.25
G Kottaras	MIL	C	67	212	24	43	12	1	9	26	84	33	44	2	0	0.305	0.396	0.203
M Thames	NYY	DH	82	212	22	61	7	0	12	33	104	19	61	0	0	0.35	0.491	0.288
R Ryal	ARI	OF	104	207	19	54	7	1	3	11	72	8	67	0	3	0.308	0.348	0.261
J Baker	CHC	3B	79	206	29	56	13	2	4	21	85	16	50	1	0	0.326	0.413	0.272
J Mathis	LAA	C	68	205	19	40	6	1	3	18	57	6	59	3	0	0.219	0.278	0.195
A Moore	SEA	C	60	205	12	40	6	0	4	15	58	8	63	0	1	0.23	0.283	0.195
C Counsell	MIL	SS	102	204	16	51	8	0	2	21	65	21	29	1	1	0.322	0.319	0.25
R Hanigan	CIN	C	70	203	25	61	11	0	5	40	87	33	21	0	0	0.405	0.429	0.3
G Blum	HOU	SS	93	202	22	54	10	1	2	22	72	15	33	0	0	0.321	0.356	0.267
R Johnson	LAD	OF	102	202	24	53	11	2	2	15	74	5	50	2	2	0.291	0.366	0.262
B Molina	SF	C	61	202	17	52	6	0	3	17	67	14	19	0	0	0.312	0.332	0.257
J Thole	NYM	C	73	202	17	56	7	1	3	17	74	24	25	1	0	0.357	0.366	0.277
C Heisey	CIN	OF	97	201	33	51	10	1	8	21	87	16	57	1	2	0.324	0.433	0.254
M Cairo	CIN	3B	91	200	30	58	12	0	4	28	82	17	30	4	0	0.353	0.41	0.29
P Janish	CIN	SS	82	200	23	52	10	0	5	25	77	22	30	1	3	0.338	0.385	0.26
J Fox	BAL	C	77	198	21	43	10	1	7	22	76	8	49	0	0	0.261	0.384	0.217
M Ramirez	LAD	OF	66	196	32	61	15	0	8	40	100	32	38	1	1	0.405	0.51	0.311
J Castro	HOU	C	67	195	26	40	8	1	2	8	56	22	41	0	0	0.286	0.287	0.205
T Abreu	ARI	3B	81	193	16	45	11	1	1	13	61	4	47	2	1	0.244	0.316	0.233
K Morales	LAA	1B	51	193	29	56	5	0	11	39	94	12	31	0	1	0.346	0.487	0.29
J Wilson	SEA	SS	61	193	17	48	11	1	0	14	61	7	35	1	2	0.282	0.316	0.249
W Rhymes	DET	2B	54	191	30	58	12	3	1	19	79	14	16	0	3	0.35	0.414	0.304
D Young	PIT	OF	110	191	22	45	11	1	7	28	79	13	52	1	0	0.286	0.414	0.236
C Iannetta	COL	C	61	188	20	37	6	1	9	27	72	30	48	1	0	0.318	0.383	0.197
E Patterson	BOS	OF	90	187	26	40	8	5	6	16	76	14	62	11	1	0.272	0.406	0.214
A Gonzalez	WSH	2B	114	186	19	46	8	1	0	5	56	7	30	0	0	0.277	0.301	0.247
J Michaels	HOU	OF	106	186	23	47	14	1	8	26	87	12	29	0	0	0.31	0.468	0.253
P Bourjos	LAA	OF	51	181	19	37	6	4	6	15	69	6	40	10	3	0.237	0.381	0.204
E Bonifacio	FLA	OF	73	180	30	47	6	3	0	10	59	17	42	12	0	0.32	0.328	0.261
K Ka'aihue	KC	1B	52	180	22	39	6	1	8	25	71	24	39	0	1	0.307	0.394	0.217
G Blanco	KC	OF	49	179	22	49	8	3	1	11	66	21	35	10	2	0.348	0.369	0.274
B Francisco	PHI	OF	88	179	24	48	13	0	6	28	79	14	35	8	0	0.327	0.441	0.268
R Johnson	SEA	C	61	178	24	34	10	0	2	13	50	25	46	1	1	0.293	0.281	0.191
J Giambi	COL	1B	87	176	17	43	9	0	6	35	70	35	47	2	0	0.378	0.398	0.244
B Molina	TEX	C	57	175	10	42	6	1	2	19	56	10	15	0	0	0.279	0.32	0.24
E Young	COL	2B	51	172	26	42	5	1	0	8	49	17	32	17	6	0.312	0.285	0.244
J Lowrie	BOS	2B	55	171	31	49	14	0	9	24	90	25	25	1	1	0.381	0.526	0.287
W Bloomquist	KC	OF	72	170	31	45	10	1	3	17	66	8	25	8	5	0.296	0.388	0.265
A Marte	CLE	3B	80	170	18	39	7	2	5	19	65	17	35	0	3	0.298	0.382	0.229
A Cora	NYM	2B	62	169	14	35	6	3	0	20	47	10	16	4	1	0.265	0.278	0.207
B Crosby	ARI	3B	70	168	9	37	10	0	1	13	50	17	38	0	3	0.294	0.298	0.22
C Carter	NYM	OF	100	167	15	44	9	0	4	24	65	12	17	1	2	0.317	0.389	0.263
J Molina	TOR	C	57	167	13	41	4	0	6	12	63	9	36	1	0	0.304	0.377	0.246
A Blanco	TEX	2B	68	166	17	46	10	1	0	13	58	11	24	0	2	0.33	0.349	0.277
A Iwamura	PIT	2B	54	165	18	30	6	1	2	9	44	26	31	3	1	0.292	0.267	0.182
L Nix	CIN	OF	97	165	16	48	11	2	4	18	75	15	39	0	1	0.35	0.455	0.291
G Dobbs	PHI	3B	88	163	13	32	7	0	5	15	54	12	39	1	1	0.251	0.331	0.196
R Kalish	BOS	OF	53	163	26	41	11	1	4	24	66	12	38	10	1	0.305	0.405	0.252
R Belliard	LAD	2B	82	162	24	35	10	1	2	19	53	18	35	2	2	0.295	0.327	0.216
M Cameron	BOS	OF	48	162	24	42	11	0	4	15	65	14	44	0	1	0.328	0.401	0.259
D Nava	BOS	OF	60	161	23	39	14	1	1	26	58	19	46	1	1	0.351	0.36	0.242
K Frandsen	LAA	3B	54	160	24	40	11	0	0	14	51	9	10	2	0	0.294	0.319	0.25
J Bell	BAL	3B	53	159	15	34	5	0	3	12	48	2	53	0	1	0.224	0.302	0.214
R Willits	LAA	OF	97	159	23	41	7	0	0	8	48	19	26	2	4	0.341	0.302	0.258
T Ishikawa	SF	1B	116	158	18	42	11	0	3	22	62	13	29	0	0	0.32	0.392	0.266
W Nieves	WSH	C	59	158	10	32	8	0	3	16	49	8	29	0	0	0.244	0.31	0.203
B Pena	KC	C	60	158	11	40	10	0	1	19	53	12	27	2	0	0.306	0.335	0.253
K Shoppach	TB	C	63	158	17	31	8	0	5	17	54	20	71	0	0	0.308	0.342	0.196
B Conrad	ATL	3B	103	156	31	39	11	1	8	33	76	16	45	5	1	0.324	0.487	0.25
G Anderson	LAD	OF	80	155	8	28	6	1	2	12	42	5	34	1	0	0.204	0.271	0.181
R Pena	NYY	3B	85	154	18	35	1	1	0	18	38	6	27	7	1	0.258	0.247	0.227
A Casilla	MIN	SS	69	152	26	42	7	4	1	20	60	13	17	6	1	0.331	0.395	0.276
J McDonald	TOR	2B	63	152	27	38	9	2	6	23	69	6	26	2	1	0.273	0.454	0.25
J Bowker	PIT	OF	67	151	16	33	8	0	5	21	56	14	33	0	1	0.281	0.371	0.219
C Jackson	ARI	OF	42	151	19	36	11	0	1	11	50	20	18	4	1	0.326	0.331	0.238
C Santana	CLE	C	46	150	23	39	13	0	6	22	70	37	29	3	0	0.401	0.467	0.26
S Podsednik	LAD	OF	39	149	17	39	6	1	1	7	50	11	26	5	3	0.313	0.336	0.262
L Cain	MIL	OF	43	147	17	45	11	1	1	13	61	9	28	7	1	0.348	0.415	0.306
C Tracy	FLA	3B	69	146	11	36	8	0	1	15	47	11	36	0	0	0.306	0.322	0.247
M Moreland	TEX	1B	47	145	20	37	4	0	9	25	68	25	36	3	1	0.364	0.469	0.255
J Clement	PIT	1B	54	144	11	29	3	0	7	12	53	6	37	0	0	0.237	0.368	0.201
B Wallace	HOU	1B	51	144	14	32	6	1	2	13	46	8	50	0	0	0.296	0.319	0.222
R Winn	STL	OF	87	144	16	36	8	1	3	17	55	13	22	5	0	0.311	0.382	0.25
S Sizemore	DET	2B	48	143	19	32	7	0	3	14	48	15	40	0	0	0.296	0.336	0.224
D Butera	MIN	C	49	142	12	28	6	1	2	13	42	4	25	0	0	0.237	0.296	0.197
J Inglett	MIL	OF	102	142	15	36	8	5	1	8	57	15	34	1	0	0.331	0.401	0.254
G Atkins	BAL	1B	44	140	5	30	7	0	1	9	40	12	30	0	0	0.276	0.286	0.214
A Miles	STL	2B	79	139	14	39	5	0	0	9	44	6	14	0	1	0.311	0.317	0.281
A Cunningham	SD	OF	53	132	17	38	12	1	1	15	55	7	28	1	3	0.331	0.417	0.288
O Salazar	SD	OF	85	131	19	31	4	0	3	19	44	16	23	1	2	0.318	0.336	0.237
H Blanco	NYM	C	50	130	10	28	5	0	2	8	39	11	26	1	0	0.271	0.3	0.215
J Castro	LAD	SS	55	129	7	25	5	0	0	13	30	8	25	0	1	0.237	0.233	0.194
R Gload	PHI	1B	94	128	16	36	8	0	6	22	62	8	15	1	0	0.328	0.484	0.281
J Guillen	SF	OF	42	128	9	34	5	0	3	15	48	5	29	0	0	0.317	0.375	0.266
G Sizemore	CLE	OF	33	128	15	27	6	2	0	13	37	9	35	4	2	0.271	0.289	0.211
J Repko	MIN	OF	58	127	19	29	6	0	3	9	44	13	38	3	2	0.324	0.346	0.228
M Tuiasosopo	SEA	OF	50	127	12	22	5	0	4	11	39	9	49	0	0	0.234	0.307	0.173
E Whiteside	SF	C	56	126	19	30	6	1	4	10	50	8	35	1	2	0.299	0.397	0.238
B Schneider	PHI	C	47	125	17	30	4	1	4	15	48	19	25	0	0	0.345	0.384	0.24
G Kapler	TB	OF	59	124	19	26	4	0	2	14	36	11	24	1	1	0.288	0.29	0.21
D Navarro	TB	C	48	124	11	24	5	0	1	7	32	12	20	0	1	0.27	0.258	0.194
J Bourgeois	HOU	OF	69	123	16	27	4	1	0	3	33	13	16	12	4	0.294	0.268	0.22
X Paul	LAD	OF	44	121	16	28	8	1	0	11	38	8	24	3	1	0.277	0.314	0.231
D Ross	ATL	C	59	121	15	35	13	2	2	28	58	20	28	0	1	0.392	0.479	0.289
N Stavinoha	STL	OF	79	121	11	31	4	0	2	9	41	4	28	0	0	0.286	0.339	0.256
C Davis	TEX	1B	45	120	7	23	9	0	1	4	35	15	40	3	0	0.279	0.292	0.192
R Ankiel	ATL	OF	47	119	17	25	6	1	2	9	39	19	42	2	1	0.324	0.328	0.21
N Reimold	BAL	OF	39	116	9	24	5	0	3	14	38	12	26	0	0	0.282	0.328	0.207
R Castro	CWS	C	37	115	18	32	2	0	8	21	58	9	26	1	0	0.328	0.504	0.278
A Craig	STL	OF	44	114	12	28	7	0	4	18	47	9	26	0	1	0.298	0.412	0.246
C Tatum	BAL	C	43	114	11	32	4	0	0	9	36	12	21	1	0	0.349	0.316	0.281
J Bard	SEA	C	39	112	9	24	7	0	3	10	40	10	27	0	0	0.276	0.357	0.214
L Powell	OAK	C	41	112	13	24	4	0	2	11	34	15	29	1	0	0.305	0.304	0.214
J Varitek	BOS	C	39	112	18	26	6	0	7	16	53	10	35	0	0	0.293	0.473	0.232
D Wise	TOR	OF	52	112	20	28	3	2	3	14	44	4	29	4	0	0.282	0.393	0.25
E Chavez	OAK	DH	33	111	10	26	8	0	1	10	37	8	31	0	0	0.276	0.333	0.234
D Johnson	TB	DH	40	111	15	22	3	0	7	23	46	25	27	1	0	0.343	0.414	0.198
M Grudzielanek	CLE	2B	30	110	10	30	0	0	0	11	30	8	10	2	0	0.328	0.273	0.273
B Davis	FLA	C	33	109	8	23	7	1	3	16	41	9	37	2	0	0.27	0.376	0.211
A Ellis	LAD	C	44	108	6	30	5	0	0	16	35	14	18	0	0	0.363	0.324	0.278
J Feliciano	NYM	OF	54	108	12	25	4	1	0	3	31	6	12	1	0	0.276	0.287	0.231
B Harris	MIN	3B	43	108	11	17	3	0	1	4	23	9	23	0	0	0.233	0.213	0.157
R Langerhans	SEA	OF	60	107	16	21	2	1	3	4	34	24	51	4	1	0.344	0.318	0.196
L Berkman	NYY	DH	37	106	9	27	7	0	1	9	37	17	15	0	0	0.358	0.349	0.255
D Worth	DET	SS	39	106	10	27	5	0	2	8	38	6	13	1	2	0.295	0.358	0.255
C Gillespie	ARI	OF	45	104	11	24	8	0	2	12	38	7	29	1	1	0.283	0.365	0.231
T Greene	STL	SS	44	104	14	23	3	1	2	10	34	13	24	2	0	0.328	0.327	0.221
J Maxwell	WSH	OF	67	104	16	15	6	0	3	12	30	25	43	5	1	0.305	0.288	0.144
D Viciedo	CWS	3B	38	104	17	32	7	0	5	13	54	2	25	1	0	0.321	0.519	0.308
D Espinosa	WSH	2B	28	103	16	22	4	1	6	15	46	9	30	0	2	0.277	0.447	0.214
K Blanks	SD	OF	33	102	14	16	6	1	3	15	33	15	46	1	0	0.283	0.324	0.157
G Zaun	MIL	C	28	102	11	27	7	0	2	14	40	11	12	0	0	0.35	0.392	0.265
M Stairs	SD	OF	78	99	14	23	6	0	6	16	47	11	32	2	0	0.306	0.475	0.232
M Sweeney	SEA	DH	30	99	11	26	3	0	6	18	47	9	14	2	0	0.327	0.475	0.263
J Arias	TEX	2B	50	98	18	27	5	1	0	9	34	2	17	1	0	0.29	0.347	0.276
J Cantu	TEX	1B	30	98	9	23	4	1	1	2	32	6	19	0	0	0.279	0.327	0.235
K Griffey	SEA	DH	33	98	6	18	2	0	0	7	20	9	17	0	0	0.25	0.204	0.184
B Lillibridge	CWS	2B	64	98	19	22	5	2	2	16	37	3	36	5	3	0.248	0.378	0.224
C Dickerson	MIL	OF	45	97	11	20	2	2	0	5	26	6	34	4	0	0.25	0.268	0.206
M Downs	HOU	SS	40	97	8	21	7	0	1	7	31	9	20	0	0	0.294	0.32	0.216
B Wilson	LAA	C	40	96	12	22	6	0	4	15	40	8	23	0	0	0.288	0.417	0.229
J Hester	ARI	C	38	95	9	20	7	0	2	7	33	11	32	1	0	0.292	0.347	0.211
M DeRosa	SF	OF	26	93	9	18	3	0	1	10	24	9	16	0	2	0.279	0.258	0.194
C Wells	DET	OF	36	93	14	30	6	1	4	17	50	6	19	0	1	0.364	0.538	0.323
R Ankiel	KC	OF	27	92	14	24	7	0	4	15	43	7	29	1	0	0.317	0.467	0.261
R Halladay	PHI	P	31	92	6	13	0	0	0	5	13	1	42	0	0	0.151	0.141	0.141
J Brown	CLE	1B	26	87	9	20	7	0	0	2	27	4	10	0	0	0.272	0.31	0.23
J Jaramillo	PIT	C	33	87	2	13	2	0	1	6	18	8	14	0	0	0.227	0.207	0.149
M Tolbert	MIN	2B	48	87	8	20	4	3	1	18	33	9	18	1	1	0.293	0.379	0.23
S Moore	BAL	2B	41	86	8	18	2	0	3	10	29	8	19	3	0	0.274	0.337	0.209
P Burrell	TB	DH	24	84	9	17	5	0	2	13	28	10	28	0	0	0.292	0.333	0.202
L Duda	NYM	OF	29	84	11	17	6	0	4	13	35	6	22	0	0	0.261	0.417	0.202
A Wainwright	STL	P	36	84	4	14	5	0	0	6	19	7	23	0	0	0.231	0.226	0.167
M McCoy	TOR	OF	46	82	9	16	4	0	0	3	20	8	20	5	1	0.267	0.244	0.195
A Everett	DET	SS	31	81	6	15	5	0	0	4	20	4	18	2	1	0.221	0.247	0.185
D Barney	CHC	SS	30	79	12	19	4	0	0	2	23	6	12	0	0	0.294	0.291	0.241
M Carson	OAK	OF	36	79	7	14	2	0	4	9	28	2	23	4	0	0.193	0.354	0.177
A Ojeda	ARI	2B	59	79	6	15	3	0	0	5	18	8	8	0	1	0.258	0.228	0.19
J Baker	FLA	C	23	78	7	17	3	1	0	6	22	9	18	0	0	0.307	0.282	0.218
J Ellsbury	BOS	OF	18	78	10	15	4	0	0	5	19	4	9	7	1	0.241	0.244	0.192
B Hayes	FLA	C	26	77	6	16	6	1	2	6	30	6	26	0	0	0.265	0.39	0.208
T Hudson	ATL	P	33	77	4	15	4	0	0	4	19	0	21	0	0	0.195	0.247	0.195
U Jimenez	COL	P	32	77	5	8	0	0	0	4	8	2	18	0	0	0.127	0.104	0.104
R Wolf	MIL	P	35	77	11	19	4	0	0	5	23	1	24	1	0	0.253	0.299	0.247
B Carroll	FLA	OF	32	76	13	15	4	0	2	7	25	6	29	2	1	0.311	0.329	0.197
J Gibbons	LAD	OF	37	75	11	21	2	0	5	17	38	4	14	0	1	0.313	0.507	0.28
C Miller	CIN	C	32	74	5	18	5	0	2	9	29	2	16	0	0	0.282	0.392	0.243
C Carpenter	STL	P	34	72	2	8	0	0	1	4	11	1	25	0	0	0.135	0.153	0.111
N Johnson	NYY	DH	24	72	12	12	4	0	2	8	22	24	23	0	1	0.388	0.306	0.167
J Gerut	SD	-	32	71	7	14	4	1	2	8	26	3	17	0	1	0.23	0.366	0.197
K Matsui	COL	-	27	71	4	10	1	0	0	1	11	4	10	1	1	0.197	0.155	0.141
T Teagarden	TEX	C	28	71	10	11	1	0	4	6	24	8	34	0	0	0.259	0.338	0.155
C Carter	OAK	OF	24	70	8	13	1	0	3	7	23	7	21	1	0	0.256	0.329	0.186
M Ramirez	CWS	DH	24	69	6	18	1	0	1	2	22	14	23	0	0	0.42	0.319	0.261
M Ramirez	TEX	C	28	69	8	15	3	0	2	8	24	12	22	0	0	0.341	0.348	0.217
B Arroyo	CIN	P	32	68	5	10	0	0	1	8	13	2	31	0	0	0.169	0.191	0.147
C Hamels	PHI	P	32	67	4	10	2	0	0	2	12	0	20	0	0	0.149	0.179	0.149
J Larish	OAK	1B	27	67	5	12	3	0	2	9	21	7	24	1	0	0.267	0.313	0.179
T Lincecum	SF	P	33	67	2	7	0	0	0	5	7	3	29	0	0	0.143	0.104	0.104
M Cain	SF	P	33	66	3	7	1	0	0	1	8	1	33	0	0	0.119	0.121	0.106
R Roberts	ARI	OF	36	66	8	13	4	0	2	9	23	3	17	0	0	0.229	0.348	0.197
B Morel	CWS	3B	21	65	9	15	3	0	3	7	27	4	17	2	0	0.271	0.415	0.231
F Tatis	NYM	1B	41	65	6	12	4	0	2	6	22	6	19	0	0	0.254	0.338	0.185
R Lopez	ARI	P	31	64	2	5	0	0	0	1	5	1	35	0	0	0.104	0.078	0.078
J Miranda	NYY	1B	33	64	7	14	2	1	3	10	27	7	12	0	0	0.296	0.422	0.219
C Sullivan	HOU	OF	57	64	6	12	1	1	0	4	15	6	18	0	0	0.257	0.234	0.188
B Ausmus	LAD	C	21	63	4	14	2	0	0	2	16	7	15	0	0	0.31	0.254	0.222
H Blalock	TB	DH	26	63	8	16	3	0	1	7	22	6	15	1	1	0.319	0.349	0.254
Y Gallardo	MIL	P	32	63	7	16	4	0	4	10	32	5	17	0	0	0.329	0.508	0.254
M Redmond	CLE	C	22	63	7	13	4	0	0	5	17	2	10	0	0	0.242	0.27	0.206
W Rodriguez	HOU	P	33	63	4	12	2	0	0	4	14	1	23	0	0	0.2	0.222	0.19
C Billingsley	LAD	P	31	62	1	9	1	0	0	3	10	4	27	0	0	0.197	0.161	0.145
D Brown	PHI	OF	35	62	8	13	3	0	2	13	22	5	24	2	1	0.257	0.355	0.21
T Hanson	ATL	P	33	62	3	6	0	0	0	4	6	2	27	0	0	0.123	0.097	0.097
B Myers	HOU	P	31	62	2	11	1	0	0	2	12	2	25	0	0	0.2	0.194	0.177
M Pelfrey	NYM	P	32	62	2	7	0	0	0	3	7	2	13	0	0	0.141	0.113	0.113
J Reddick	BOS	OF	29	62	5	12	3	1	1	5	20	1	15	1	0	0.206	0.323	0.194
J Santana	NYM	P	27	62	2	11	3	0	1	1	17	0	22	0	0	0.177	0.274	0.177
R Andino	BAL	2B	16	61	6	18	4	0	2	6	28	3	13	1	1	0.333	0.459	0.295
A Hernandez	CLE	SS	22	61	6	15	3	0	0	2	18	2	9	1	0	0.27	0.295	0.246
L Hernandez	WSH	P	33	61	2	9	1	0	1	3	13	1	13	0	0	0.161	0.213	0.148
C Richard	SD	P	32	61	5	9	2	0	0	5	11	1	21	0	0	0.172	0.18	0.148
R Winn	NYY	OF	29	61	7	13	0	1	1	8	18	8	15	1	0	0.3	0.295	0.213
K Cash	BOS	C	29	60	1	8	1	0	0	1	9	6	16	0	0	0.224	0.15	0.133
J Mather	STL	OF	36	60	7	13	4	0	0	3	17	2	11	1	1	0.242	0.283	0.217
J Blanton	PHI	P	28	59	8	7	0	0	0	1	7	1	24	0	0	0.161	0.119	0.119
C Curtis	NYY	OF	31	59	7	11	3	0	1	8	17	4	15	0	0	0.25	0.288	0.186
R Dempster	CHC	P	33	59	3	8	1	0	0	2	9	0	19	0	0	0.136	0.153	0.136
J Johnson	FLA	P	27	59	0	5	0	0	0	4	5	1	24	0	0	0.1	0.085	0.085
A Sanchez	FLA	P	31	59	3	6	0	0	0	1	6	4	28	0	0	0.159	0.102	0.102
G Blanco	ATL	OF	36	58	9	18	1	1	0	3	21	8	15	1	2	0.394	0.362	0.31
C Gimenez	CLE	C	28	58	6	11	5	0	1	8	19	8	22	0	0	0.288	0.328	0.19
G Matthews	CIN	-	36	58	9	11	3	0	0	1	14	6	24	1	0	0.266	0.241	0.19
J Sanchez	SF	P	32	58	2	8	0	1	0	3	10	0	26	0	0	0.153	0.172	0.138
J Dyson	KC	OF	18	57	11	12	4	2	1	5	23	6	16	9	1	0.286	0.404	0.211
J Hammel	COL	P	29	57	3	6	1	0	0	2	7	1	29	0	0	0.121	0.123	0.105
C Jackson	OAK	OF	18	57	6	13	2	0	1	5	18	11	9	2	0	0.362	0.316	0.228
L Montanez	BAL	OF	26	57	2	8	0	0	0	3	8	1	9	1	0	0.155	0.14	0.14
R Oswalt	PHI	P	33	57	2	8	0	0	0	1	8	2	15	0	0	0.169	0.14	0.14
J Garland	SD	P	34	56	6	12	1	0	0	2	13	6	18	0	0	0.286	0.232	0.214
J LaRue	STL	C	29	56	3	11	1	0	2	5	18	5	7	0	0	0.274	0.321	0.196
P Maholm	PIT	P	30	56	1	5	0	0	0	0	5	2	31	0	0	0.121	0.089	0.089
J Francisco	CIN	3B	36	55	3	15	3	0	1	7	21	4	20	0	1	0.322	0.382	0.273
D Haren	ARI	P	22	55	8	20	6	0	1	7	29	1	9	0	0	0.375	0.527	0.364
M Hessman	NYM	3B	32	55	6	7	2	1	1	6	14	8	23	0	0	0.262	0.255	0.127
C Kershaw	LAD	P	31	55	4	3	0	0	0	1	3	1	17	0	0	0.071	0.055	0.055
H Kuroda	LAD	P	30	55	2	2	0	0	0	0	2	2	21	0	0	0.07	0.036	0.036
J Miller	KC	OF	20	55	5	13	3	0	1	4	19	4	23	1	0	0.3	0.345	0.236
E Velez	SF	OF	29	55	7	9	2	0	2	8	17	6	9	0	0	0.246	0.309	0.164
K Cash	HOU	C	20	54	3	11	1	0	2	4	18	5	13	0	0	0.271	0.333	0.204
J Cueto	CIN	P	28	54	2	6	0	0	0	2	6	1	22	0	0	0.127	0.111	0.111
J Garcia	STL	P	29	54	8	10	1	0	0	2	11	2	13	0	0	0.214	0.204	0.185
I Kennedy	ARI	P	30	54	7	11	1	0	0	2	12	7	24	0	0	0.29	0.222	0.204
M Latos	SD	P	29	54	3	6	2	0	1	3	11	0	29	0	0	0.111	0.204	0.111
T Lilly	LAD	P	28	54	1	2	0	0	0	1	2	3	26	0	0	0.103	0.037	0.037
C Volstad	FLA	P	28	54	1	5	1	0	0	2	6	0	28	0	0	0.093	0.111	0.093
D Bush	MIL	P	38	53	6	7	1	0	0	2	8	4	23	0	0	0.193	0.151	0.132
J Francoeur	TEX	OF	15	53	9	18	2	0	2	11	26	1	5	0	1	0.357	0.491	0.34
D Lowe	ATL	P	32	53	6	8	4	0	0	3	12	5	14	0	0	0.224	0.226	0.151
J Niese	NYM	P	30	53	3	10	2	0	0	4	12	8	27	0	0	0.295	0.226	0.189
M Hoffpauir	CHC	1B	24	52	5	9	3	0	0	5	12	5	15	0	0	0.246	0.231	0.173
W Ramos	WSH	C	15	52	3	14	4	0	1	4	21	2	9	0	0	0.296	0.404	0.269
M Sweeney	PHI	1B	26	52	10	12	2	0	2	8	20	5	7	1	0	0.31	0.385	0.231
R Wells	CHC	P	30	52	1	9	2	0	0	3	11	2	15	0	0	0.204	0.212	0.173
C Zambrano	CHC	P	40	52	5	12	0	0	1	6	15	2	15	0	0	0.255	0.288	0.231
R Dickey	NYM	P	25	51	7	13	2	0	0	5	15	3	8	0	0	0.296	0.294	0.255
K Kendrick	PHI	P	31	51	2	5	2	0	0	0	7	2	16	0	0	0.132	0.137	0.098
B Zito	SF	P	32	51	1	6	0	0	0	2	6	1	17	0	0	0.135	0.118	0.118
E Nunez	NYY	3B	30	50	12	14	1	0	1	7	18	3	2	5	0	0.321	0.36	0.28
J Fields	KC	3B	13	49	5	15	0	0	3	6	24	1	9	0	0	0.32	0.49	0.306
C Narveson	MIL	P	36	49	3	16	1	0	0	7	17	2	15	0	0	0.365	0.347	0.327
K Russo	NYY	3B	31	49	5	9	2	0	0	4	11	3	9	1	0	0.245	0.224	0.184
S Tolleson	OAK	SS	25	49	5	14	3	0	1	4	20	4	9	0	0	0.34	0.408	0.286
Z Duke	PIT	P	32	48	5	3	2	0	0	0	5	2	17	0	0	0.1	0.104	0.063
L Durango	SD	OF	28	48	8	12	0	0	0	4	12	4	7	5	0	0.308	0.25	0.25
A Hernandez	HOU	2B	32	48	7	9	2	0	0	1	11	8	10	2	0	0.304	0.229	0.188
M Leake	CIN	P	27	48	5	16	1	0	0	3	17	5	15	0	0	0.407	0.354	0.333
R Hughes	BAL	1B	14	47	3	10	2	0	0	4	12	4	19	0	0	0.275	0.255	0.213
R Nolasco	FLA	P	23	47	3	8	3	0	0	3	11	2	16	0	0	0.204	0.234	0.17
J Towles	HOU	C	17	47	3	9	3	0	1	8	15	2	12	0	0	0.235	0.319	0.191
C Guzman	TEX	2B	15	46	4	7	1	0	0	1	8	3	10	0	0	0.204	0.174	0.152
B Allen	ARI	OF	22	45	5	12	3	0	1	6	18	10	20	0	0	0.393	0.4	0.267
K Correia	SD	P	27	44	4	6	1	0	0	5	7	2	20	0	0	0.174	0.159	0.136
L Hernandez	NYM	2B	17	44	4	11	1	0	2	6	18	2	7	1	0	0.298	0.409	0.25
J Lannan	WSH	P	24	44	1	4	2	0	0	4	6	4	22	0	0	0.167	0.136	0.091
W LeBlanc	SD	P	25	44	2	13	0	0	0	1	13	1	12	0	0	0.311	0.295	0.295
D Murphy	FLA	SS	29	44	9	14	6	1	3	16	31	2	19	0	0	0.348	0.705	0.318
B Norris	HOU	P	27	44	2	7	2	0	0	2	9	2	13	0	0	0.196	0.205	0.159
O Martinez	FLA	SS	14	43	8	14	4	1	0	2	20	4	6	1	0	0.383	0.465	0.326
T Buck	OAK	OF	14	42	6	7	2	0	1	2	12	4	14	1	0	0.255	0.286	0.167
R Mitchell	LAD	3B	15	42	3	6	0	0	2	4	12	0	8	0	0	0.14	0.286	0.143
Y Navarro	BOS	SS	20	42	4	6	0	0	0	5	6	2	17	0	0	0.174	0.143	0.143
C Ransom	PHI	3B	22	42	6	8	0	0	2	5	14	3	11	1	0	0.244	0.333	0.19
E Alfonzo	SEA	C	13	41	4	9	1	0	1	4	13	0	10	0	0	0.22	0.317	0.22
J De La Rosa	COL	P	20	41	3	7	2	0	0	4	9	0	15	0	0	0.171	0.22	0.171
T Plouffe	MIN	SS	22	41	7	6	1	0	2	6	13	0	14	0	0	0.143	0.317	0.146
J Chacin	COL	P	26	40	0	3	0	0	0	1	3	1	9	0	0	0.098	0.075	0.075
A Cook	COL	P	25	40	5	6	2	0	0	1	8	0	17	0	0	0.15	0.2	0.15
T Gorzelanny	CHC	P	28	40	1	5	0	0	0	2	5	0	18	0	0	0.125	0.125	0.125
R Ruiz	TOR	DH	13	40	3	6	2	0	1	1	11	0	11	1	0	0.15	0.275	0.15
M Bumgarner	SF	P	20	39	2	7	1	0	0	3	8	2	11	0	0	0.22	0.205	0.179
B Hawpe	TB	DH	15	39	7	7	0	0	2	7	13	6	17	0	0	0.304	0.333	0.179
J Jurrjens	ATL	P	20	39	2	5	1	0	0	2	6	2	14	0	0	0.19	0.154	0.128
M Pagnozzi	STL	C	15	39	4	14	2	0	1	10	19	2	8	0	0	0.405	0.487	0.359
M Ryan	LAA	OF	22	39	3	8	4	0	0	2	12	1	5	0	0	0.22	0.308	0.205
D Sardinha	PHI	C	13	39	5	8	2	0	3	8	19	1	13	0	0	0.225	0.487	0.205
E Jackson	ARI	P	20	38	5	6	0	0	1	3	9	2	22	0	0	0.2	0.237	0.158
M Lamb	FLA	1B	39	38	2	7	1	1	0	4	10	2	6	0	0	0.225	0.263	0.184
M Mangini	SEA	3B	11	38	2	8	0	0	0	1	8	2	13	0	0	0.25	0.211	0.211
C Stammen	WSH	P	36	38	2	9	3	0	0	6	12	1	15	0	0	0.25	0.316	0.237
C Valaika	CIN	2B	19	38	3	10	1	0	1	2	14	1	9	0	0	0.282	0.368	0.263
M Carp	SEA	1B	14	37	1	7	2	0	0	0	9	4	8	0	0	0.268	0.243	0.189
S Cousins	FLA	OF	27	37	2	11	2	2	0	2	17	1	13	0	0	0.316	0.459	0.297
A Harang	CIN	P	21	37	1	5	1	0	0	2	6	0	13	0	0	0.135	0.162	0.135
L May	KC	C	12	37	3	7	1	0	0	6	8	0	10	0	1	0.205	0.216	0.189
T Wood	CIN	P	17	37	1	7	2	1	1	3	14	0	15	0	0	0.189	0.378	0.189
N Evans	NYM	OF	20	36	5	11	3	0	1	5	17	1	10	0	0	0.324	0.472	0.306
J Morales	MIN	C	19	36	4	7	2	0	0	7	9	6	14	0	0	0.295	0.25	0.194
D Sutton	CLE	SS	11	36	4	8	1	0	1	4	12	3	12	0	0	0.282	0.333	0.222
L Anderson	BOS	1B	18	35	4	7	1	0	0	4	8	7	8	0	0	0.326	0.229	0.2
J Arencibia	TOR	C	11	35	3	5	1	0	2	4	12	2	11	0	0	0.189	0.343	0.143
K Lohse	STL	P	21	35	2	6	2	0	0	3	8	0	8	0	0	0.171	0.229	0.171
J Payton	COL	OF	20	35	3	12	4	1	0	1	18	1	4	1	0	0.361	0.514	0.343
W Taveras	WSH	OF	27	35	7	7	0	1	0	4	9	2	6	1	2	0.243	0.257	0.2
L Zawadzki	SD	2B	20	35	4	7	2	0	0	1	9	5	7	1	0	0.3	0.257	0.2
D Descalso	STL	3B	11	34	6	9	2	0	0	4	11	2	6	1	0	0.324	0.324	0.265
J Hoffpauir	TOR	3B	13	34	1	7	1	0	0	0	8	2	5	0	0	0.25	0.235	0.206
E Kratz	PIT	C	9	34	2	4	0	0	0	1	4	2	9	0	0	0.167	0.118	0.118
M Parra	MIL	P	40	34	2	6	2	0	0	1	8	3	14	0	0	0.263	0.235	0.176
H Bailey	CIN	P	18	33	1	7	0	0	0	2	7	2	15	0	0	0.257	0.212	0.212
A Diaz	PIT	SS	22	33	0	8	1	0	0	2	9	3	10	0	1	0.306	0.273	0.242
B Enright	ARI	P	18	33	1	8	1	0	0	6	9	0	9	0	0	0.235	0.273	0.242
R Garko	TEX	1B	15	33	0	3	0	0	0	3	3	3	4	0	0	0.167	0.091	0.091
C Gentry	TEX	OF	20	33	4	7	0	0	0	3	7	1	11	1	0	0.229	0.212	0.212
J Karstens	PIT	P	24	33	0	2	0	0	0	0	2	1	16	0	0	0.088	0.061	0.061
R Quinlan	LAA	1B	23	33	4	4	2	0	0	2	6	2	6	2	0	0.171	0.182	0.121
B Anderson	STL	C	15	32	1	9	2	0	0	4	11	1	7	0	0	0.314	0.344	0.281
E Byrnes	SEA	OF	15	32	1	3	2	0	0	0	5	6	9	1	0	0.237	0.156	0.094
J Donaldson	OAK	C	14	32	1	5	1	0	1	4	9	2	12	0	0	0.206	0.281	0.156
A Iwamura	OAK	3B	10	31	3	4	1	0	0	4	5	5	10	0	0	0.25	0.161	0.129
C Silva	CHC	P	19	31	0	2	1	0	0	2	3	3	12	0	0	0.147	0.097	0.065
J Arias	NYM	2B	22	30	5	6	1	0	0	4	7	2	6	0	0	0.25	0.233	0.2
A De Aza	CWS	OF	19	30	7	9	3	0	0	2	12	1	4	2	1	0.323	0.4	0.3
M Watson	OAK	OF	12	30	2	6	2	0	1	4	11	3	5	0	0	0.273	0.367	0.2
Y Alonso	CIN	1B	22	29	2	6	2	0	0	3	8	0	10	0	0	0.207	0.276	0.207
H Conger	LAA	C	13	29	2	5	1	1	0	5	8	5	9	0	0	0.294	0.276	0.172
G Halman	SEA	OF	9	29	1	4	1	0	0	3	5	1	11	1	0	0.167	0.172	0.138
H Luna	FLA	3B	27	29	2	4	1	0	2	4	11	0	13	0	1	0.133	0.379	0.138
S Pearce	PIT	1B	15	29	4	8	2	1	0	5	12	7	6	0	0	0.395	0.414	0.276
B Barden	FLA	3B	35	28	2	5	0	0	0	3	5	3	12	0	2	0.281	0.179	0.179
B Bogusevic	HOU	OF	19	28	5	5	3	0	0	3	8	3	12	1	1	0.258	0.286	0.179
S Fuld	CHC	OF	19	28	3	4	1	0	0	3	5	3	5	0	0	0.226	0.179	0.143
B Revere	MIN	OF	13	28	1	5	0	0	0	2	5	2	5	0	1	0.233	0.179	0.179
J Ely	LAD	P	17	27	1	2	0	0	0	1	2	1	13	0	0	0.107	0.074	0.074
D Hudson	ARI	P	11	27	1	4	2	0	0	6	6	0	7	0	0	0.179	0.222	0.148
K Medlen	ATL	P	31	27	2	5	1	0	0	2	6	3	14	0	0	0.29	0.222	0.185
K Mench	WSH	OF	27	27	2	3	0	0	0	1	3	2	6	0	0	0.172	0.111	0.111
W Ramos	MIN	C	7	27	2	8	3	0	0	1	11	0	3	0	0	0.321	0.407	0.296
B Snyder	CHC	OF	12	27	1	5	1	0	0	5	6	1	12	0	0	0.214	0.222	0.185
J Happ	HOU	P	16	26	0	0	0	0	0	0	0	1	9	0	0	0.037	0	0
C Morton	PIT	P	17	26	0	1	0	0	0	0	1	0	18	0	0	0.038	0.038	0.038
B Moss	PIT	OF	17	26	2	4	1	0	0	2	5	1	6	0	0	0.185	0.192	0.154
J Moyer	PHI	P	16	26	1	2	0	0	0	1	2	3	13	0	0	0.172	0.077	0.077
R Ohlendorf	PIT	P	18	26	0	2	0	0	0	0	2	2	16	0	0	0.143	0.077	0.077
V Padilla	LAD	P	15	26	5	4	1	0	0	2	5	2	12	0	0	0.241	0.192	0.154
N Robertson	PHI	P	19	26	2	5	1	0	0	1	6	2	6	0	0	0.25	0.231	0.192
J Suppan	STL	P	28	26	1	5	1	0	0	1	6	1	6	0	0	0.222	0.231	0.192
L Atilano	WSH	P	13	25	0	1	0	0	0	0	1	0	10	0	0	0.04	0.04	0.04
B Burres	PIT	P	20	25	0	3	0	1	0	3	5	0	14	0	0	0.12	0.2	0.12
F Catalanotto	NYM	OF	25	25	2	4	1	0	0	1	5	1	5	0	0	0.192	0.2	0.16
C Nelson	COL	3B	17	25	7	7	1	0	0	0	8	1	4	1	0	0.308	0.32	0.28
J Westbrook	STL	P	12	25	1	3	1	0	0	1	4	1	11	0	0	0.154	0.16	0.12
R Baldelli	TB	OF	10	24	3	5	1	0	1	5	9	1	5	1	0	0.24	0.375	0.208
B Eldred	COL	1B	11	24	4	6	1	0	1	3	10	2	10	0	0	0.333	0.417	0.25
F Freeman	ATL	1B	20	24	3	4	1	0	1	1	8	0	8	0	0	0.167	0.333	0.167
M Jacobs	NYM	1B	7	24	1	5	1	0	1	2	9	3	7	0	0	0.296	0.375	0.208
K Kawakami	ATL	P	18	24	2	3	1	0	0	1	4	3	9	0	0	0.222	0.167	0.125
S Olsen	WSH	P	17	24	0	2	0	0	0	0	2	0	12	0	0	0.083	0.083	0.083
F Paulino	HOU	P	18	24	1	7	1	0	0	0	8	1	8	0	0	0.346	0.333	0.292
B Petersen	FLA	OF	23	24	1	2	0	0	0	2	2	1	6	0	0	0.12	0.083	0.083
J Saltalamacchia	BOS	C	12	24	2	4	3	0	0	2	7	6	5	0	0	0.333	0.292	0.167
J Frazier	DET	OF	9	23	3	5	1	0	0	1	6	1	6	0	0	0.25	0.261	0.217
G Golson	NYY	OF	24	23	3	6	2	0	0	2	8	0	3	0	2	0.261	0.348	0.261
C Hu	LAD	SS	14	23	2	3	1	0	0	1	4	0	5	1	0	0.16	0.174	0.13
T Oeltjen	LAD	OF	14	23	5	5	1	1	0	1	8	4	8	0	0	0.357	0.348	0.217
P Phillips	COL	C	12	23	4	5	0	0	0	1	5	2	7	0	0	0.28	0.217	0.217
A Presley	PIT	OF	19	23	2	6	1	0	0	0	7	1	8	1	1	0.292	0.304	0.261
J Saunders	ARI	P	13	23	0	2	0	0	0	1	2	1	8	1	0	0.125	0.087	0.087
J Francis	COL	P	18	22	2	2	0	0	0	1	2	4	6	0	0	0.222	0.091	0.091
P Hoover	PHI	C	9	22	6	5	2	0	0	2	7	3	5	0	0	0.32	0.318	0.227
J Marquis	WSH	P	17	22	1	3	1	0	0	2	4	0	2	0	0	0.136	0.182	0.136
P McAnulty	LAA	1B	9	22	2	3	0	0	1	2	6	2	11	0	0	0.208	0.273	0.136
A Sanabia	FLA	P	14	22	0	1	0	0	0	0	1	0	11	0	0	0.087	0.045	0.045
D Jennings	TB	OF	17	21	5	4	1	1	0	2	7	2	4	2	2	0.292	0.333	0.19
J McDonald	PIT	P	15	21	2	1	1	0	0	0	2	1	12	0	0	0.091	0.095	0.048
J Reed	CWS	-	14	21	1	3	0	0	1	3	6	2	8	1	0	0.217	0.286	0.143
W Castillo	CHC	C	7	20	3	6	4	0	1	5	13	1	7	0	0	0.333	0.65	0.3
C Coleman	CHC	P	12	20	2	2	1	0	0	2	3	1	11	0	0	0.143	0.15	0.1
O Navarro	HOU	SS	14	20	2	1	0	0	0	0	1	5	4	0	0	0.24	0.05	0.05
B Snyder	BAL	1B	10	20	1	6	2	0	0	3	8	0	3	0	1	0.3	0.4	0.3
S Strasburg	WSH	P	11	20	0	1	0	0	0	1	1	0	7	0	0	0.05	0.05	0.05
T Wellemeyer	SF	P	13	20	2	2	0	0	0	0	2	0	11	0	0	0.1	0.1	0.1
B Penny	STL	P	9	19	1	3	0	0	1	4	6	0	6	0	0	0.158	0.316	0.158
J Van Every	BOS	OF	21	19	6	4	1	0	1	1	8	2	9	0	0	0.286	0.421	0.211
C Woodward	SEA	SS	8	19	0	3	1	0	0	0	4	3	9	0	0	0.273	0.211	0.158
C Capuano	MIL	P	24	18	0	1	0	0	0	0	1	0	9	0	0	0.056	0.056	0.056
C Huffman	NYY	OF	9	18	1	3	0	0	0	2	3	2	5	0	0	0.286	0.167	0.167
F Martinez	NYM	OF	7	18	1	3	0	0	0	2	3	1	5	0	1	0.273	0.167	0.167
E Rogers	COL	P	31	18	2	3	2	0	0	1	5	0	7	0	0	0.167	0.278	0.167
W Bloomquist	CIN	OF	11	17	0	5	0	0	0	0	5	1	3	0	0	0.333	0.294	0.294
L Cruz	MIL	SS	7	17	2	4	0	1	0	1	6	0	2	0	0	0.235	0.353	0.235
N Figueroa	HOU	P	30	17	1	4	1	0	0	0	5	0	3	0	0	0.235	0.294	0.235
T Stauffer	SD	P	32	17	2	3	2	0	0	2	5	2	12	0	0	0.263	0.294	0.176
E Volquez	CIN	P	12	17	1	2	0	0	0	0	2	1	7	0	0	0.167	0.118	0.118
B Hawksworth	STL	P	44	16	0	0	0	0	0	0	0	0	9	0	0	0	0	0
H Takahashi	NYM	P	51	16	0	1	0	0	0	0	1	0	3	0	0	0.063	0.063	0.063
M Gamel	MIL	3B	12	15	1	3	1	0	0	1	4	1	8	0	0	0.294	0.267	0.2
B Lincoln	PIT	P	10	15	0	6	0	0	0	3	6	0	3	0	0	0.4	0.4	0.4
F Lopez	BOS	2B	4	15	2	4	0	0	1	1	7	1	4	0	0	0.313	0.467	0.267
D Lucy	CWS	C	7	15	2	5	3	0	1	2	11	2	3	1	0	0.444	0.733	0.333
R Rohlinger	SF	SS	12	15	1	3	0	0	0	1	3	2	5	0	0	0.294	0.2	0.2
M Trumbo	LAA	1B	8	15	2	1	0	0	0	2	1	1	8	0	0	0.125	0.067	0.067
L Carlin	CLE	C	6	14	4	5	0	0	2	3	11	2	5	0	0	0.438	0.786	0.357
M Hamilton	STL	1B	9	14	0	2	0	0	0	0	2	1	5	0	0	0.2	0.143	0.143
D McCutchen	PIT	P	27	14	1	1	0	0	0	0	1	0	5	1	0	0.133	0.071	0.071
C Moeller	NYY	C	9	14	2	3	3	0	0	0	6	1	4	0	0	0.267	0.429	0.214
C Monasterios	LAD	P	31	14	1	1	0	0	0	0	1	0	7	0	0	0.071	0.071	0.071
M Owings	CIN	P	25	14	2	3	0	0	1	3	6	0	6	0	0	0.214	0.429	0.214
M Rivera	FLA	C	7	14	0	0	0	0	0	0	0	2	3	0	0	0.176	0	0
C Aldridge	LAA	OF	5	13	0	1	0	1	0	1	3	0	5	0	0	0.077	0.231	0.077
D Davis	MIL	P	8	13	0	0	0	0	0	1	0	0	5	0	0	0	0	0
E German	TEX	2B	13	13	5	3	0	0	0	1	3	3	2	4	1	0.375	0.231	0.231
N Green	TOR	SS	9	13	2	2	0	0	0	1	2	1	3	0	0	0.214	0.154	0.154
B Scales	CHC	3B	10	13	4	4	0	0	0	2	4	7	5	1	0	0.55	0.308	0.308
G Smith	COL	P	10	13	2	4	2	0	0	2	6	0	1	0	0	0.308	0.462	0.308
D Brown	BOS	C	7	12	0	3	1	0	0	2	4	0	2	0	0	0.25	0.333	0.25
D Gee	NYM	P	5	12	0	2	1	0	0	1	3	0	8	0	0	0.167	0.25	0.167
J Lindsey	LAD	1B	11	12	0	1	0	0	0	0	1	0	3	0	0	0.154	0.083	0.083
J Martin	WSH	P	8	12	0	2	1	0	0	0	3	0	4	0	0	0.167	0.25	0.167
J Mayberry	PHI	OF	11	12	4	4	0	0	2	6	10	1	4	0	1	0.385	0.833	0.333
T Flowers	CWS	C	8	11	2	1	0	0	0	0	1	4	5	0	0	0.333	0.091	0.091
S LeCure	CIN	P	14	11	2	1	1	0	0	0	2	0	2	0	0	0.091	0.182	0.091
C Maldonado	WSH	C	4	11	1	3	0	0	1	3	6	1	2	0	0	0.333	0.545	0.273
A Romine	LAA	SS	5	11	0	1	0	0	0	0	1	0	4	0	0	0.091	0.091	0.091
R Budde	LAA	C	6	10	2	4	1	0	1	3	8	1	5	0	0	0.455	0.8	0.4
J Maine	NYM	P	10	10	0	0	0	0	0	0	0	0	6	0	0	0	0	0
M Minor	ATL	P	9	10	0	0	0	0	0	0	0	1	7	0	0	0.091	0	0
B Moehler	HOU	P	18	10	0	1	0	0	0	0	1	0	3	0	0	0.1	0.1	0.1
M Nickeas	NYM	C	5	10	0	2	0	0	0	0	2	0	5	0	0	0.2	0.2	0.2
J Raynor	PIT	OF	11	10	1	2	0	0	0	0	2	1	3	0	0	0.273	0.2	0.2
R Valdes	NYM	P	36	10	1	4	1	0	0	1	5	0	3	0	0	0.4	0.5	0.4
J Weaver	LAA	P	3	10	1	2	0	0	0	0	2	0	3	0	0	0.2	0.2	0.2
J Zimmermann	WSH	P	7	10	0	2	0	0	0	0	2	0	2	0	0	0.2	0.2	0.2
D Hernandez	ATL	SS	20	9	5	1	0	0	1	1	4	0	4	0	0	0.111	0.444	0.111
A Miller	FLA	P	9	9	0	0	0	0	0	0	0	0	3	0	0	0	0	0
O Perez	NYM	P	17	9	0	1	0	0	0	1	1	1	4	0	0	0.2	0.111	0.111
M St. Pierre	DET	C	6	9	1	2	1	0	0	0	3	0	2	0	0	0.222	0.333	0.222
J Turner	BAL	2B	5	9	0	0	0	0	0	0	0	0	3	0	0	0	0	0
M Batista	WSH	P	54	8	0	1	0	0	0	0	1	0	5	0	0	0.125	0.125	0.125
M Baxter	SD	1B	9	8	0	1	0	0	0	1	1	0	2	0	0	0.111	0.125	0.125
N Green	SD	-	5	8	0	1	0	0	0	1	1	0	2	0	0	0.222	0.125	0.125
M McKenry	COL	C	6	8	0	0	0	0	0	0	0	1	5	0	0	0.111	0	0
P Misch	NYM	P	12	8	0	1	0	0	0	0	1	0	4	0	0	0.125	0.125	0.125
K Schmidt	ARI	C	4	8	0	1	0	0	0	0	1	1	0	0	0	0.222	0.125	0.125
A Stern	MIL	OF	6	8	0	0	0	0	0	1	0	0	2	0	0	0	0	0
J Turner	NYM	2B	4	8	1	1	1	0	0	0	2	1	0	0	0	0.222	0.25	0.125
W Wright	HOU	P	11	8	0	0	0	0	0	0	0	0	3	0	0	0	0	0
B Boggs	TEX	OF	4	7	0	0	0	0	0	0	0	1	4	0	0	0.125	0	0
A Cora	TEX	2B	4	7	0	2	0	0	0	0	2	0	0	0	0	0.286	0.286	0.286
R Detwiler	WSH	P	8	7	0	0	0	0	0	0	0	0	3	0	0	0	0	0
T Diamond	CHC	P	16	7	1	0	0	0	0	0	0	1	6	0	0	0.125	0	0
S Gallagher	PIT	P	46	7	1	0	0	0	0	0	0	1	5	0	0	0.125	0	0
L Hughes	MIN	3B	2	7	1	2	0	0	1	1	5	0	3	0	1	0.286	0.714	0.286
C Lewis	TEX	P	2	7	1	2	0	0	0	2	2	0	2	0	0	0.286	0.286	0.286
Y Maya	WSH	P	5	7	0	1	0	0	0	0	1	0	4	0	0	0.143	0.143	0.143
A Mendez	FLA	P	5	7	0	2	0	0	0	0	2	0	1	0	0	0.286	0.286	0.286
G Molina	BOS	C	4	7	1	1	0	0	0	0	1	0	2	0	0	0.143	0.143	0.143
J Peavy	CWS	P	2	7	0	1	0	0	0	0	1	0	3	0	0	0.143	0.143	0.143
D Price	TB	P	4	7	0	1	0	0	0	0	1	0	5	0	0	0.143	0.143	0.143
G Quiroz	SEA	C	2	7	1	2	1	0	0	0	3	0	1	0	0	0.286	0.429	0.286
R Shealy	BOS	1B	5	7	0	0	0	0	0	0	0	0	2	0	0	0	0	0
E Sogard	OAK	2B	4	7	0	3	0	0	0	0	3	2	1	0	1	0.556	0.429	0.429
P Walters	STL	P	7	7	0	0	0	0	0	0	0	1	5	0	0	0.125	0	0
D Carrasco	ARI	P	59	6	0	0	0	0	0	0	0	0	3	0	0	0	0	0
P Ciriaco	PIT	SS	8	6	3	3	1	1	0	1	6	0	3	0	0	0.5	1	0.5
S Feldman	TEX	P	2	6	1	1	1	0	0	0	2	0	3	0	0	0.167	0.333	0.167
Z Greinke	KC	P	2	6	0	0	0	0	0	0	0	0	1	0	0	0	0	0
C Haeger	LAD	P	8	6	0	0	0	0	0	1	0	1	5	0	0	0.125	0	0
C Hatcher	FLA	C	5	6	0	0	0	0	0	0	0	2	5	0	0	0.25	0	0
S Kazmir	LAA	P	3	6	0	0	0	0	0	0	0	0	3	0	0	0	0	0
A Ottavino	STL	P	5	6	0	0	0	0	0	0	0	1	5	0	0	0.143	0	0
C Pavano	MIN	P	2	6	0	3	0	0	0	0	3	0	2	0	0	0.5	0.5	0.5
J Vargas	SEA	P	3	6	0	0	0	0	0	0	0	0	3	0	0	0	0	0
B Bannister	KC	P	3	5	1	1	1	0	0	1	2	0	3	0	0	0.2	0.4	0.2
B Beachy	ATL	P	3	5	1	1	0	0	0	0	1	1	4	0	0	0.333	0.2	0.2
K Benson	ARI	P	3	5	0	1	0	0	0	0	1	0	1	0	0	0.2	0.2	0.2
B Bocock	PHI	SS	6	5	2	0	0	0	0	0	0	0	3	0	0	0	0	0
M Buehrle	CWS	P	2	5	0	0	0	0	0	0	0	0	3	0	0	0	0	0
E Burriss	SF	2B	7	5	3	2	0	0	0	0	2	0	1	0	0	0.4	0.4	0.4
M Corpas	COL	P	51	5	0	0	0	0	0	0	0	2	3	0	0	0.286	0	0
A Galarraga	DET	P	2	5	0	0	0	0	0	0	0	0	4	0	0	0	0	0
F Garcia	CWS	P	2	5	0	0	0	0	0	0	0	0	1	0	0	0	0	0
B Hicks	ATL	3B	16	5	7	0	0	0	0	0	0	1	2	0	0	0.167	0	0
J Lackey	BOS	P	3	5	1	2	1	0	0	0	3	0	1	0	0	0.4	0.6	0.4
C Luebke	SD	P	4	5	0	0	0	0	0	0	0	0	5	0	0	0	0	0
K Millwood	BAL	P	2	5	0	0	0	0	0	0	0	0	4	0	0	0	0	0
J Niemann	TB	P	3	5	0	0	0	0	0	0	0	0	3	0	0	0	0	0
R Ortiz	NYM	-	16	5	0	0	0	0	0	0	0	0	2	0	0	0	0	0
C Sabathia	NYY	P	2	5	0	1	0	0	0	0	1	0	3	0	0	0.2	0.2	0.2
M Talbot	CLE	P	2	5	0	0	0	0	0	0	0	0	4	0	0	0	0	0
J Weaver	LAD	P	42	5	0	1	0	0	0	0	1	0	3	0	0	0.2	0.2	0.2
B Wilson	SF	P	69	5	0	0	0	0	0	0	0	0	1	0	0	0	0	0
C Young	SD	P	4	5	0	0	0	0	0	0	0	1	4	0	0	0.167	0	0
M Belisle	COL	P	73	4	0	1	1	0	0	2	2	0	2	0	0	0.4	0.5	0.25
B Buckner	ARI	P	3	4	0	1	0	0	0	0	1	1	0	0	0	0.4	0.25	0.25
F Carmona	CLE	P	2	4	0	0	0	0	0	0	0	0	2	0	0	0	0	0
B Clevlen	ATL	OF	4	4	2	1	1	0	0	0	2	0	1	0	0	0.25	0.5	0.25
C Fisher	CIN	P	17	4	0	0	0	0	0	0	0	0	4	0	0	0	0	0
G Floyd	CWS	P	2	4	0	1	0	0	0	0	1	1	2	0	0	0.4	0.25	0.25
G Gonzalez	OAK	P	2	4	0	0	0	0	0	0	0	0	3	0	0	0	0	0
S Marcum	TOR	P	2	4	1	1	1	0	0	1	2	1	2	0	0	0.4	0.5	0.25
S Marshall	CHC	P	74	4	0	0	0	0	0	0	0	0	4	0	0	0	0	0
C Martinez	ATL	P	18	4	0	0	0	0	0	0	0	0	3	0	0	0	0	0
J Masterson	CLE	P	2	4	0	1	0	0	0	0	1	0	1	0	0	0.25	0.25	0.25
D Matsuzaka	BOS	P	2	4	0	2	0	0	0	1	2	0	0	0	0	0.5	0.5	0.5
V Mazzaro	OAK	P	2	4	0	0	0	0	0	0	0	0	2	0	0	0	0	0
L Ondrusek	CIN	P	59	4	0	0	0	0	0	0	0	0	4	0	0	0	0	0
A Pettitte	NYY	P	2	4	0	1	0	0	0	0	1	0	3	0	0	0.25	0.25	0.25
R Romero	TOR	P	2	4	0	0	0	0	0	0	0	0	3	0	0	0	0	0
N Romero	BOS	2B	2	4	1	0	0	0	0	0	0	0	0	0	0	0	0	0
R Rowland-Smith	SEA	P	2	4	0	0	0	0	0	0	0	0	3	0	0	0	0	0
J Russell	CHC	P	57	4	0	0	0	0	0	0	0	0	2	0	0	0	0	0
J Samardzija	CHC	P	7	4	0	1	0	0	0	1	1	2	2	0	0	0.5	0.25	0.25
C Valdez	ARI	P	9	4	0	0	0	0	0	0	0	0	3	0	0	0	0	0
J Verlander	DET	P	2	4	0	0	0	0	0	0	0	0	3	0	0	0	0	0
C Villanueva	MIL	P	47	4	0	0	0	0	0	0	0	0	2	0	0	0	0	0
T Wakefield	BOS	P	2	4	0	0	0	0	0	0	0	1	2	0	0	0.2	0	0
D Willis	SF	-	5	4	1	1	0	0	0	0	1	1	1	0	0	0.4	0.25	0.25
C Wilson	TEX	P	3	4	0	0	0	0	0	0	0	0	1	0	0	0	0	0
J Arrieta	BAL	P	2	3	0	0	0	0	0	0	0	1	1	0	0	0.25	0	0
S Baker	MIN	P	2	3	0	0	0	0	0	0	0	0	2	0	0	0	0	0
B Bergesen	BAL	P	1	3	0	1	0	0	0	0	1	0	0	0	0	0.333	0.333	0.333
M Boggs	STL	P	58	3	0	0	0	0	0	0	0	0	1	0	0	0	0	0
T Cahill	OAK	P	2	3	0	0	0	0	0	0	0	0	1	0	0	0	0	0
J Danks	CWS	P	1	3	0	0	0	0	0	0	0	0	1	0	0	0	0	0
B Esposito	HOU	C	2	3	0	0	0	0	0	0	0	0	1	0	0	0	0	0
R Franklin	STL	P	57	3	0	0	0	0	0	0	0	0	3	0	0	0	0	0
M Garza	TB	P	2	3	0	0	0	0	0	0	0	0	3	0	0	0	0	0
J Guthrie	BAL	P	1	3	0	0	0	0	0	0	0	0	2	0	0	0	0	0
D Hernandez	BAL	P	4	3	0	0	0	0	0	0	0	0	1	0	0	0	0	0
S Hill	STL	C	1	3	1	1	0	0	1	1	4	0	1	0	0	0.333	1.333	0.333
C Lee	SEA	P	1	3	0	0	0	0	0	0	0	0	2	0	0	0	0	0
J Lester	BOS	P	2	3	0	0	0	0	0	1	0	1	2	0	0	0.2	0	0
M Maloney	CIN	P	7	3	0	1	0	0	0	0	1	0	1	0	0	0.333	0.333	0.333
J Martinez	PIT	P	9	3	0	0	0	0	0	0	0	0	1	0	0	0	0	0
J Mejia	NYM	P	30	3	1	1	0	0	0	0	1	0	1	0	0	0.333	0.333	0.333
B Morrow	TOR	P	2	3	0	0	0	0	0	0	0	0	1	0	0	0	0	0
J Peralta	WSH	P	38	3	0	0	0	0	0	0	0	0	2	0	0	0	0	0
J Pineiro	LAA	P	2	3	3	0	0	0	0	0	0	2	2	0	0	0.4	0	0
A Sanchez	BOS	SS	1	3	0	0	0	0	0	0	0	0	0	0	0	0	0	0
B Sheets	OAK	P	2	3	0	1	0	0	0	0	1	0	2	0	0	0.333	0.333	0.333
J Smith	CIN	P	35	3	0	0	0	0	0	0	0	0	1	0	0	0	0	0
D Sutton	CIN	SS	2	3	1	2	0	0	1	4	5	0	1	0	0	0.667	1.667	0.667
C Vargas	MIL	P	16	3	0	0	0	0	0	0	0	0	3	0	0	0	0	0
S West	FLA	P	2	3	0	0	0	0	0	0	0	0	2	0	0	0	0	0
V Worley	PHI	P	5	3	0	0	0	0	0	0	0	0	3	0	0	0	0	0
M Atkins	CHC	P	5	2	0	0	0	0	0	0	0	0	1	0	0	0	0	0
J Bonderman	DET	P	1	2	0	0	0	0	0	0	0	0	1	0	0	0	0	0
B Boyer	ARI	P	51	2	0	0	0	0	0	0	0	0	1	0	0	0	0	0
T Byrdak	HOU	P	59	2	0	0	0	0	0	0	0	0	1	0	0	0	0	0
A Cashner	CHC	P	51	2	0	0	0	0	0	0	0	0	2	0	0	0	0	0
B Cecil	TOR	P	1	2	0	0	0	0	0	0	0	0	2	0	0	0	0	0
J Ceda	FLA	P	8	2	0	0	0	0	0	0	0	0	2	0	0	0	0	0
M Chico	WSH	P	1	2	0	0	0	0	0	0	0	0	0	0	0	0	0	0
T Clippard	WSH	P	74	2	0	1	0	0	0	0	1	0	1	0	0	0.5	0.5	0.5
M Dunn	ATL	P	25	2	1	0	0	0	0	0	0	0	1	0	0	0	0	0
C Durbin	PHI	P	63	2	0	0	0	0	0	0	0	0	2	0	0	0	0	0
D Fister	SEA	P	1	2	0	0	0	0	0	0	0	0	2	0	0	0	0	0
C Hensley	FLA	P	66	2	0	0	0	0	0	0	0	0	1	0	0	0	0	0
F Hernandez	SEA	P	1	2	0	0	0	0	0	0	0	0	1	0	0	0	0	0
D Herndon	PHI	P	43	2	0	0	0	0	0	0	0	0	2	0	0	0	0	0
D Huff	CLE	P	1	2	0	0	0	0	0	0	0	0	1	0	0	0	0	0
Z Kroenke	ARI	P	3	2	0	0	0	0	0	0	0	0	1	0	0	0	0	0
F Liriano	MIN	P	1	2	0	0	0	0	0	0	0	0	1	0	0	0	0	0
K Loe	MIL	P	52	2	0	0	0	0	0	0	0	0	2	0	0	0	0	0
M Mateo	CHC	P	21	2	0	0	0	0	0	0	0	0	1	0	0	0	0	0
B Matusz	BAL	P	1	2	0	0	0	0	0	0	0	0	0	0	0	0	0	0
K McClellan	STL	P	67	2	0	1	0	0	0	0	1	0	0	0	0	0.5	0.5	0.5
M McClendon	MIL	P	17	2	0	1	0	0	0	0	1	0	0	0	0	0.5	0.5	0.5
G Mock	WSH	P	1	2	0	0	0	0	0	0	0	0	1	0	0	0	0	0
J Motte	STL	P	55	2	0	0	0	0	0	0	0	0	2	0	0	0	0	0
F Nieve	NYM	P	39	2	0	0	0	0	0	0	0	0	0	0	0	0	0	0
A Oliver	DET	P	1	2	0	0	0	0	0	0	0	0	1	0	0	0	0	0
D Reyes	STL	P	56	2	0	0	0	0	0	0	0	0	0	0	0	0	0	0
M Rogers	MIL	P	4	2	1	1	0	0	0	0	1	0	1	0	0	0.5	0.5	0.5
S Romo	SF	P	67	2	0	0	0	0	0	0	0	0	2	0	0	0	0	0
L Rosales	ARI	P	16	2	0	0	0	0	0	0	0	0	0	0	0	0	0	0
M Scherzer	DET	P	1	2	0	0	0	0	0	0	0	0	0	0	0	0	0	0
J Shields	TB	P	2	2	0	1	0	0	0	0	1	0	0	0	0	0.5	0.5	0.5
K Slowey	MIN	P	3	2	0	0	0	0	0	0	0	0	1	0	0	0	0	0
J Sosa	FLA	P	22	2	0	1	0	0	0	0	1	0	1	0	0	0.5	0.5	0.5
D Storen	WSH	P	50	2	0	1	0	0	0	0	1	0	1	0	0	0.5	0.5	0.5
R Troncoso	LAD	P	49	2	0	0	0	0	0	1	0	1	1	0	0	0.333	0	0
E Vasquez	ARI	P	55	2	0	0	0	0	0	0	0	0	1	0	0	0	0	0
T Walker	WSH	P	22	2	0	0	0	0	0	0	0	0	1	0	0	0	0	0
J Westbrook	CLE	P	1	2	0	0	0	0	0	0	0	0	1	0	0	0	0	0
D Willis	DET	P	2	2	0	0	0	0	0	0	0	0	0	0	0	0	0	0
F Abad	HOU	P	22	1	0	0	0	0	0	0	0	0	1	0	0	0	0	0
J Affeldt	SF	P	51	1	0	0	0	0	0	0	0	0	1	0	0	0	0	0
B Badenhop	FLA	P	53	1	0	0	0	0	0	0	0	0	0	0	0	0	0	0
B Bass	PIT	P	4	1	0	0	0	0	0	0	0	0	0	0	0	0	0	0
D Bautista	SF	P	29	1	0	1	0	0	0	1	1	0	0	0	0	1	1	1
J Beimel	COL	P	69	1	0	0	0	0	0	0	0	0	1	0	0	0	0	0
H Bell	SD	P	64	1	0	0	0	0	0	0	0	0	0	0	0	0	0	0
T Bell	LAA	P	3	1	0	0	0	0	0	0	0	0	1	0	0	0	0	0
N Blackburn	MIN	P	2	1	0	0	0	0	0	0	0	0	0	0	0	0	0	0
D Braden	OAK	P	1	1	0	0	0	0	0	0	0	0	0	0	0	0	0	0
C Buchholz	BOS	P	1	1	0	1	0	0	0	0	1	0	0	0	0	1	1	1
T Buchholz	COL	P	7	1	0	1	0	0	0	0	1	0	0	0	0	1	1	1
A Burnett	NYY	P	2	1	0	0	0	0	0	0	0	0	1	0	0	0	0	0
S Camp	TOR	P	4	1	0	1	0	0	0	0	1	0	0	0	0	1	1	1
M Capps	WSH	P	45	1	0	0	0	0	0	0	0	0	1	0	0	0	0	0
D Carpenter	PHI	P	1	1	0	0	0	0	0	0	0	0	0	0	0	0	0	0
G Chacin	HOU	P	40	1	1	1	0	0	1	1	4	0	0	0	0	1	4	1
J Chavez	ATL	P	27	1	0	0	0	0	0	0	0	0	1	0	0	0	0	0
B Chen	KC	P	1	1	0	1	0	0	0	0	1	0	0	0	0	1	1	1
T Coffey	MIL	P	67	1	0	0	0	0	0	0	0	0	0	0	0	0	0	0
F Cordero	CIN	P	70	1	0	0	0	0	0	0	0	0	0	0	0	0	0	0
J Crain	MIN	P	5	1	0	0	0	0	0	0	0	0	1	0	0	0	0	0
K Davies	KC	P	2	1	0	0	0	0	0	0	0	0	0	0	0	0	0	0
W Davis	TB	P	1	1	0	0	0	0	0	0	0	0	0	0	0	0	0	0
M Delcarmen	COL	P	9	1	0	0	0	0	0	0	0	0	1	0	0	0	0	0
O Dotel	COL	P	66	1	0	0	0	0	0	0	0	0	1	0	0	0	0	0
B Duensing	MIN	P	5	1	0	0	0	0	0	0	0	0	1	0	0	0	0	0
M Estrada	MIL	P	5	1	0	0	0	0	0	0	0	0	0	0	0	0	0	0
T Evans	LAA	OF	1	1	0	0	0	0	0	0	0	0	1	0	0	0	0	0
D Eveland	PIT	P	1	1	0	0	0	0	0	0	0	0	0	0	0	0	0	0
L French	SEA	P	1	1	0	0	0	0	0	0	0	0	1	0	0	0	0	0
E Frieri	SD	P	33	1	0	0	0	0	0	0	0	0	1	0	0	0	0	0
J Fulchino	HOU	P	46	1	0	0	0	0	0	0	0	0	1	0	0	0	0	0
R Harden	TEX	P	1	1	0	0	0	0	0	0	0	0	0	0	0	0	0	0
M Harrison	TEX	P	1	1	0	0	0	0	0	0	0	0	1	0	0	0	0	0
A Heilman	ARI	P	67	1	0	0	0	0	0	0	0	0	1	0	0	0	0	0
D Herrera	CIN	P	32	1	0	0	0	0	0	0	0	0	1	0	0	0	0	0
L Hochevar	KC	P	1	1	0	0	0	0	0	0	0	0	1	0	0	0	0	0
T Hoffman	MIL	P	48	1	0	0	0	0	0	0	0	0	1	0	0	0	0	0
P Hughes	NYY	P	1	1	0	0	0	0	0	0	0	0	0	0	0	0	0	0
T Hunter	TEX	P	1	1	0	0	0	0	0	0	0	0	1	0	0	0	0	0
K Jansen	LAD	P	26	1	1	1	0	0	0	0	1	1	0	0	0	1	1	1
C Janssen	TOR	P	5	1	0	0	0	0	0	0	0	0	1	0	0	0	0	0
H Kuo	LAD	P	54	1	0	0	0	0	0	0	0	1	1	0	0	0.5	0	0
A Laffey	CLE	P	1	1	0	0	0	0	0	0	0	0	0	0	0	0	0	0
A Lerew	KC	P	1	1	0	0	0	0	0	0	0	0	1	0	0	0	0	0
R Lewis	TOR	P	2	1	0	0	0	0	0	0	0	0	1	0	0	0	0	0
M Lincoln	CIN	P	19	1	0	0	0	0	0	0	0	0	0	0	0	0	0	0
J Litsch	TOR	P	1	1	0	0	0	0	0	0	0	0	0	0	0	0	0	0
J Lopez	SF	P	72	1	0	0	0	0	0	0	0	0	0	0	0	0	0	0
R Madson	PHI	P	55	1	0	0	0	0	0	0	0	0	1	0	0	0	0	0
J Manship	MIN	P	2	1	0	0	0	0	0	0	0	0	1	0	0	0	0	0
E Meek	PIT	P	66	1	0	1	0	0	0	0	1	0	0	0	0	1	1	1
G Mota	SF	P	55	1	0	0	0	0	0	0	0	0	1	0	0	0	0	0
D Nippert	TEX	P	2	1	0	0	0	0	0	0	0	0	0	0	0	0	0	0
S O'Sullivan	LAA	P	1	1	0	0	0	0	0	0	0	0	0	0	0	0	0	0
A Ogando	TEX	P	2	1	1	1	0	0	0	0	1	0	0	0	0	1	1	1
C Park	PIT	P	26	1	0	0	0	0	0	0	0	0	0	0	0	0	0	0
B Parnell	NYM	P	41	1	0	0	0	0	0	0	0	0	0	0	0	0	0	0
R Porcello	DET	P	1	1	0	0	0	0	0	0	0	0	1	0	0	0	0	0
J Reyes	ATL	P	1	1	0	0	0	0	0	0	0	1	0	0	0	0.5	0	0
J Rincon	COL	P	2	1	0	0	0	0	0	0	0	0	0	0	0	0	0	0
M Rivera	NYY	P	4	1	0	0	0	0	0	0	0	0	0	0	0	0	0	0
T Ross	OAK	P	4	1	0	0	0	0	0	0	0	0	1	0	0	0	0	0
D Runzler	SF	P	40	1	0	0	0	0	0	0	0	0	1	0	0	0	0	0
T Saito	ATL	P	54	1	0	0	0	0	0	0	0	0	1	0	0	0	0	0
B Sanches	FLA	P	57	1	0	0	0	0	0	0	0	0	0	0	0	0	0	0
J Saunders	LAA	P	1	1	0	0	0	0	0	0	0	0	0	0	0	0	0	0
T Schlichting	LAD	P	13	1	0	0	0	0	0	0	0	0	0	0	0	0	0	0
S Shields	LAA	P	3	1	0	0	0	0	0	0	0	0	1	0	0	0	0	0
A Sonnanstine	TB	P	5	1	0	0	0	0	0	0	0	0	1	0	0	0	0	0
H Street	COL	P	44	1	0	0	0	0	0	0	0	0	1	0	0	0	0	0
B Tallet	TOR	P	2	1	0	0	0	0	0	0	0	0	0	0	0	0	0	0
K Texeira	KC	P	4	1	0	0	0	0	0	0	0	0	1	0	0	0	0	0
J Thomas	PIT	P	10	1	0	0	0	0	0	0	0	0	1	0	0	0	0	0
C Tillman	BAL	P	1	1	0	0	0	0	0	0	0	0	0	0	0	0	0	0
J Vazquez	NYY	P	4	1	0	0	0	0	0	0	0	2	0	0	0	0.667	0	0
J Venters	ATL	P	77	1	0	0	0	0	0	0	0	0	1	0	0	0	0	0
R Webb	SD	P	51	1	0	0	0	0	0	0	0	0	1	0	0	0	0	0
D Aardsma	SEA	P	4	0	0	0	0	0	0	0	0	0	0	0	0	0	0	0
A Aceves	NYY	P	1	0	0	0	0	0	0	0	0	0	0	0	0	0	0	0
M Acosta	NYM	P	41	0	0	0	0	0	0	0	0	0	0	0	0	0	0	0
M Adams	SD	P	67	0	0	0	0	0	0	0	0	0	0	0	0	0	0	0
M Albers	BAL	P	6	0	0	0	0	0	0	0	0	0	0	0	0	0	0	0
H Ambriz	CLE	P	1	0	0	0	0	0	0	0	0	0	0	0	0	0	0	0
S Atchison	BOS	P	2	0	0	0	0	0	0	0	0	0	0	0	0	0	0	0
J Axford	MIL	P	47	0	0	0	0	0	0	0	0	0	0	0	0	0	0	0
D Baez	PHI	P	48	0	0	0	0	0	0	0	0	0	0	0	0	0	0	0
A Bailey	OAK	P	4	0	0	0	0	0	0	0	0	0	0	0	0	0	0	0
C Balester	WSH	P	17	0	0	0	0	0	0	0	0	0	0	0	0	0	0	0
G Balfour	TB	P	8	0	0	0	0	0	0	0	0	0	0	0	0	0	0	0
D Bard	BOS	P	4	0	0	0	0	0	0	0	0	0	0	0	0	0	0	0
A Bastardo	PHI	P	23	0	0	0	0	0	0	0	0	0	0	0	0	0	0	0
R Belisario	LAD	P	56	0	0	0	0	0	0	0	0	0	0	0	0	0	0	0
J Benoit	TB	P	8	0	0	0	0	0	0	0	0	0	0	0	0	0	0	0
J Berg	CHC	P	41	0	0	0	0	0	0	0	0	0	0	0	0	0	0	0
J Bergmann	WSH	P	4	0	0	0	0	0	0	0	0	0	0	0	0	0	0	0
J Berken	BAL	P	4	0	0	0	0	0	0	0	0	0	0	0	0	0	0	0
R Betancourt	COL	P	68	0	0	0	0	0	0	0	0	0	0	0	0	0	0	0
J Bisenius	WSH	P	5	0	0	0	0	0	0	0	0	0	0	0	0	0	0	0
J Blevins	OAK	P	4	0	0	0	0	0	0	0	0	0	0	0	0	0	0	0
E Bonine	DET	P	3	0	0	0	0	0	0	0	0	0	0	0	0	0	0	0
J Boscan	ATL	C	1	0	1	0	0	0	0	0	0	1	0	0	0	1	0	0
C Bowers	OAK	P	3	0	0	0	0	0	0	0	0	0	0	0	0	0	0	0
Z Braddock	MIL	P	44	0	0	0	0	0	0	0	0	0	0	0	0	0	0	0
B Bray	CIN	P	35	0	0	0	0	0	0	0	0	0	0	0	0	0	0	0
C Breslow	OAK	P	5	0	0	0	0	0	0	0	0	0	0	0	0	0	0	0
J Broxton	LAD	P	61	0	0	0	0	0	0	0	0	0	0	0	0	0	0	0
B Bruney	NYM	-	19	0	0	0	0	0	0	0	0	0	0	0	0	0	0	0
J Buente	FLA	P	8	0	0	0	0	0	0	0	0	0	0	0	0	0	0	0
J Bulger	LAA	P	2	0	0	0	0	0	0	0	0	0	0	0	0	0	0	0
J Burke	WSH	C	1	0	0	0	0	0	0	0	0	0	0	0	0	0	0	0
S Burnett	WSH	P	69	0	0	0	0	0	0	0	0	0	0	0	0	0	0	0
A Burnett	MIN	P	4	0	0	0	0	0	0	0	0	0	0	0	0	0	0	0
J Burton	CIN	P	4	0	0	0	0	0	0	0	0	0	0	0	0	0	0	0
M Capps	MIN	P	1	0	0	0	0	0	0	0	0	0	0	0	0	0	0	0
E Caridad	CHC	P	8	0	0	0	0	0	0	0	0	0	0	0	0	0	0	0
S Casilla	SF	P	49	0	0	0	0	0	0	0	0	0	0	0	0	0	0	0
B Cassevah	LAA	P	1	0	0	0	0	0	0	0	0	0	0	0	0	0	0	0
J Chamberlain	NYY	P	5	0	0	0	0	0	0	0	0	0	0	0	0	0	0	0
A Chapman	CIN	P	15	0	0	0	0	0	0	0	0	0	0	0	0	0	0	0
R Choate	TB	P	3	0	0	0	0	0	0	0	0	0	0	0	0	0	0	0
S Cishek	FLA	P	3	0	0	0	0	0	0	0	0	0	0	0	0	0	0	0
P Coke	DET	P	4	0	0	0	0	0	0	0	0	0	0	0	0	0	0	0
J Contreras	PHI	P	63	0	0	0	0	0	0	0	0	0	0	0	0	0	0	0
C Cordero	SEA	P	2	0	0	0	0	0	0	0	0	0	0	0	0	0	0	0
L Cormier	TB	P	6	0	0	0	0	0	0	0	0	0	0	0	0	0	0	0
C Daigle	HOU	P	11	0	0	0	0	0	0	0	0	0	0	0	0	0	0	0
M Daley	COL	P	28	0	0	0	0	0	0	0	0	0	0	0	0	0	0	0
S Deduno	COL	P	4	0	0	0	0	0	0	0	0	0	0	0	0	0	0	0
E Del Rosario	HOU	P	11	0	0	0	0	0	0	0	0	0	0	0	0	0	0	0
M Delcarmen	BOS	P	4	0	0	0	0	0	0	0	0	0	0	0	0	0	0	0
S Demel	ARI	P	35	0	0	0	0	0	0	0	0	0	0	0	0	0	0	0
E Dessens	NYM	P	50	0	0	0	0	0	0	0	0	0	0	0	0	0	0	0
B Donnelly	PIT	P	34	0	0	0	0	0	0	0	0	0	0	0	0	0	0	0
S Downs	TOR	P	4	0	0	0	0	0	0	0	0	0	0	0	0	0	0	0
M Ekstrom	TB	P	2	0	0	0	0	0	0	0	0	0	0	0	0	0	0	0
S Elbert	LAD	P	1	0	0	0	0	0	0	0	0	0	0	0	0	0	0	0
J English	WSH	P	7	0	0	0	0	0	0	0	0	0	0	0	0	0	0	0
E Escalona	COL	P	5	0	0	0	0	0	0	0	0	0	0	0	0	0	0	0
D Eveland	TOR	P	1	0	0	0	0	0	0	0	0	0	0	0	0	0	0	0
K Farnsworth	KC	P	2	0	0	0	0	0	0	0	0	0	0	0	0	0	0	0
K Farnsworth	ATL	P	23	0	0	0	0	0	0	0	0	0	0	0	0	0	0	0
P Feliciano	NYM	P	87	0	0	0	0	0	0	0	0	0	0	0	0	0	0	0
N Feliz	TEX	P	6	0	0	0	0	0	0	0	0	0	0	0	0	0	0	0
R Flores	MIN	P	1	0	0	0	0	0	0	0	0	0	0	0	0	0	0	0
R Flores	COL	P	43	0	0	0	0	0	0	0	0	0	0	0	0	0	0	0
D Ford	SF	OF	7	0	1	0	0	0	0	0	0	0	0	2	1	0	0	0
F Francisco	TEX	P	6	0	0	0	0	0	0	0	0	0	0	0	0	0	0	0
J Frasor	TOR	P	3	0	0	0	0	0	0	0	0	0	0	0	0	0	0	0
B Fuentes	LAA	P	3	0	0	0	0	0	0	0	0	0	0	0	0	0	0	0
C Gaudin	NYY	P	2	0	0	0	0	0	0	0	0	0	0	0	0	0	0	0
S Gervacio	HOU	P	6	0	0	0	0	0	0	0	0	0	0	0	0	0	0	0
E Gonzalez	DET	P	3	0	0	0	0	0	0	0	0	0	0	0	0	0	0	0
J Grabow	CHC	P	26	0	0	0	0	0	0	0	0	0	0	0	0	0	0	0
J Gray	CHC	P	7	0	0	0	0	0	0	0	0	0	0	0	0	0	0	0
S Green	NYM	P	11	0	0	0	0	0	0	0	0	0	0	0	0	0	0	0
L Gregerson	SD	P	78	0	0	0	0	0	0	0	0	0	0	0	0	0	0	0
K Gregg	TOR	P	2	0	0	0	0	0	0	0	0	0	0	0	0	0	0	0
M Guerrier	MIN	P	4	0	0	0	0	0	0	0	0	0	0	0	0	0	0	0
J Gutierrez	ARI	P	55	0	0	0	0	0	0	0	0	0	0	0	0	0	0	0
M Hampton	ARI	P	10	0	0	0	0	0	0	0	0	0	0	0	0	0	0	0
J Hanrahan	PIT	P	69	0	0	0	0	0	0	0	0	0	0	0	0	0	0	0
L Hawkins	MIL	P	18	0	0	0	0	0	0	0	0	0	0	0	0	0	0	0
J Hellickson	TB	P	1	0	0	0	0	0	0	0	0	0	0	0	0	0	0	0
M Hendrickson	BAL	P	3	0	0	0	0	0	0	0	0	0	0	0	0	0	0	0
F Herrmann	CLE	P	5	0	0	0	0	0	0	0	0	0	0	0	0	0	0	0
B Howry	CHC	P	36	0	0	0	0	0	0	0	0	0	0	0	0	0	0	0
D Hughes	KC	P	4	0	0	0	0	0	0	0	0	0	0	0	0	0	0	0
R Igarashi	NYM	P	32	0	0	0	0	0	0	0	0	0	0	0	0	0	0	0
S Jackson	PIT	P	10	0	0	0	0	0	0	0	0	0	0	0	0	0	0	0
C Jakubauskas	PIT	P	1	0	0	0	0	0	0	0	0	0	0	0	0	0	0	0
J Jeffress	MIL	P	10	0	0	0	0	0	0	0	0	0	0	0	0	0	0	0
B Jenks	CWS	P	5	0	0	0	0	0	0	0	0	0	0	0	0	0	0	0
K Jepsen	LAA	P	4	0	0	0	0	0	0	0	0	0	0	0	0	0	0	0
W Joaquin	SF	P	4	0	0	0	0	0	0	0	0	0	0	0	0	0	0	0
H Jones	FLA	P	3	0	0	0	0	0	0	0	0	0	0	0	0	0	0	0
S Kelley	SEA	P	2	0	0	0	0	0	0	0	0	0	0	0	0	0	0	0
C Kimbrel	ATL	P	21	0	0	0	0	0	0	0	0	0	0	0	0	0	0	0
B Kintzler	MIL	P	7	0	0	0	0	0	0	0	0	0	0	0	0	0	0	0
B League	SEA	P	5	0	0	0	0	0	0	0	0	0	0	0	0	0	0	0
W Ledezma	PIT	P	27	0	0	0	0	0	0	0	0	0	0	0	0	0	0	0
C Leroux	PIT	P	23	0	0	0	0	0	0	0	0	0	0	0	0	0	0	0
J Lewis	CLE	P	3	0	0	0	0	0	0	0	0	0	0	0	0	0	0	0
B Lidge	PHI	P	48	0	0	0	0	0	0	0	0	0	0	0	0	0	0	0
M Lindstrom	HOU	P	56	0	0	0	0	0	0	0	0	0	0	0	0	0	0	0
S Linebrink	CWS	P	1	0	0	0	0	0	0	0	0	0	0	0	0	0	0	0
J Link	LAD	P	9	0	0	0	0	0	0	0	0	0	0	0	0	0	0	0
B Logan	NYY	P	3	0	0	0	0	0	0	0	0	0	0	0	0	0	0	0
W Lopez	HOU	P	64	0	0	0	0	0	0	0	0	0	0	0	0	0	0	0
B Lyon	HOU	P	78	0	0	0	0	0	0	0	0	0	0	0	0	0	0	0
M MacDougal	STL	P	17	0	0	0	0	0	0	0	0	0	0	0	0	0	0	0
E MacLane	STL	P	2	0	0	0	0	0	0	0	0	0	0	0	0	0	0	0
R Mahay	MIN	P	5	0	0	0	0	0	0	0	0	0	0	0	0	0	0	0
S Maine	CHC	P	13	0	0	0	0	0	0	0	0	0	0	0	0	0	0	0
G Majewski	HOU	P	2	0	0	0	0	0	0	0	0	0	0	0	0	0	0	0
J Marinez	FLA	P	4	0	0	0	0	0	0	0	0	0	0	0	0	0	0	0
C Marmol	CHC	P	74	0	0	0	0	0	0	0	0	0	0	0	0	0	0	0
V Marte	KC	P	3	0	0	0	0	0	0	0	0	0	0	0	0	0	0	0
D Marte	NYY	P	4	0	0	0	0	0	0	0	0	0	0	0	0	0	0	0
N Masset	CIN	P	78	0	0	0	0	0	0	0	0	0	0	0	0	0	0	0
F Mata	BAL	P	2	0	0	0	0	0	0	0	0	0	0	0	0	0	0	0
S Mathieson	PHI	P	2	0	0	0	0	0	0	0	0	0	0	0	0	0	0	0
B Medders	SF	P	14	0	0	0	0	0	0	0	0	0	0	0	0	0	0	0
M Melancon	HOU	P	20	0	0	0	0	0	0	0	0	0	0	0	0	0	0	0
C Meredith	BAL	P	2	0	0	0	0	0	0	0	0	0	0	0	0	0	0	0
D Meyer	FLA	P	11	0	0	0	0	0	0	0	0	0	0	0	0	0	0	0
J Mijares	MIN	P	1	0	0	0	0	0	0	0	0	0	0	0	0	0	0	0
T Miller	STL	P	56	0	0	0	0	0	0	0	0	0	0	0	0	0	0	0
J Miller	LAD	P	17	0	0	0	0	0	0	0	0	0	0	0	0	0	0	0
S Mitre	NYY	P	2	0	0	0	0	0	0	0	0	0	0	0	0	0	0	0
F Morales	COL	P	33	0	0	0	0	0	0	0	0	0	0	0	0	0	0	0
P Moylan	ATL	P	84	0	0	0	0	0	0	0	0	0	0	0	0	0	0	0
E Mujica	SD	P	58	0	0	0	0	0	0	0	0	0	0	0	0	0	0	0
K Mulvey	ARI	P	2	0	0	0	0	0	0	0	0	0	0	0	0	0	0	0
J Nelson	BOS	P	1	0	0	0	0	0	0	0	0	0	0	0	0	0	0	0
F Ni	DET	P	3	0	0	0	0	0	0	0	0	0	0	0	0	0	0	0
J Norberto	ARI	P	33	0	0	0	0	0	0	0	0	0	0	0	0	0	0	0
I Nova	NYY	P	1	0	0	0	0	0	0	0	0	0	0	0	0	0	0	0
L Nunez	FLA	P	64	0	0	0	0	0	0	0	0	0	0	0	0	0	0	0
D O'Day	TEX	P	3	0	0	0	0	0	0	0	0	0	0	0	0	0	0	0
E O'Flaherty	ATL	P	55	0	0	0	0	0	0	0	0	0	0	0	0	0	0	0
W Ohman	BAL	P	6	0	0	0	0	0	0	0	0	0	0	0	0	0	0	0
W Ohman	FLA	P	17	0	0	0	0	0	0	0	0	0	0	0	0	0	0	0
H Okajima	BOS	P	3	0	0	0	0	0	0	0	0	0	0	0	0	0	0	0
D Oliver	TEX	P	4	0	0	0	0	0	0	0	0	0	0	0	0	0	0	0
G Olson	SEA	P	2	0	0	0	0	0	0	0	0	0	0	0	0	0	0	0
R Ortiz	LAD	P	6	0	0	0	0	0	0	0	0	0	0	0	0	0	0	0
J Papelbon	BOS	P	3	0	0	0	0	0	0	0	0	0	0	0	0	0	0	0
C Park	NYY	P	5	0	0	0	0	0	0	0	0	0	0	0	0	0	0	0
D Pauley	SEA	P	1	0	0	0	0	0	0	0	0	0	0	0	0	0	0	0
T Pena	CWS	P	2	0	0	0	0	0	0	0	0	0	0	0	0	0	0	0
H Penn	PIT	P	3	0	0	0	0	0	0	0	0	0	0	0	0	0	0	0
L Perdomo	SD	P	1	0	0	0	0	0	0	0	0	0	0	0	0	0	0	0
C Perez	CLE	P	4	0	0	0	0	0	0	0	0	0	0	0	0	0	0	0
R Perez	CLE	P	5	0	0	0	0	0	0	0	0	0	0	0	0	0	0	0
R Perry	DET	P	1	0	0	0	0	0	0	0	0	0	0	0	0	0	0	0
R Pinto	FLA	P	19	0	0	0	0	0	0	0	0	0	0	0	0	0	0	0
S Proctor	ATL	P	6	0	0	0	0	0	0	0	0	0	0	0	0	0	0	0
D Purcey	TOR	P	2	0	0	0	0	0	0	0	0	0	0	0	0	0	0	0
J Putz	CWS	P	4	0	0	0	0	0	0	0	0	0	0	0	0	0	0	0
C Qualls	ARI	P	41	0	0	0	0	0	0	0	0	0	0	0	0	0	0	0
R Ramirez	BOS	P	5	0	0	0	0	0	0	0	0	0	0	0	0	0	0	0
R Ramirez	SF	P	25	0	0	0	0	0	0	0	0	0	0	0	0	0	0	0
C Ramos	SD	P	13	0	0	0	0	0	0	0	0	0	0	0	0	0	0	0
J Rauch	MIN	P	2	0	0	0	0	0	0	0	0	0	0	0	0	0	0	0
C Ray	TEX	P	6	0	0	0	0	0	0	0	0	0	0	0	0	0	0	0
C Ray	SF	P	28	0	0	0	0	0	0	0	0	0	0	0	0	0	0	0
C Resop	PIT	P	23	0	0	0	0	0	0	0	0	0	0	0	0	0	0	0
M Reynolds	COL	P	21	0	1	0	0	0	0	0	0	1	0	0	0	1	0	0
A Rhodes	CIN	P	66	0	0	0	0	0	0	0	0	0	0	0	0	0	0	0
D Richardson	BOS	P	1	0	0	0	0	0	0	0	0	0	0	0	0	0	0	0
D Riske	MIL	P	22	0	0	0	0	0	0	0	0	0	0	0	0	0	0	0
S Rivera	ARI	P	4	0	0	0	0	0	0	0	0	0	0	0	0	0	0	0
D Robertson	NYY	P	5	0	0	0	0	0	0	0	0	0	0	0	0	0	0	0
F Rodney	LAA	P	5	0	0	0	0	0	0	0	0	0	0	0	0	0	0	0
F Rodriguez	NYM	P	48	0	0	0	0	0	0	0	0	0	0	0	0	0	0	0
R Rodriguez	ARI	P	2	0	0	0	0	0	0	0	0	0	0	0	0	0	0	0
F Rodriguez	LAA	P	3	0	0	0	0	0	0	0	0	0	0	0	0	0	0	0
J Roenicke	TOR	P	1	0	0	0	0	0	0	0	0	0	0	0	0	0	0	0
J Romero	PHI	P	57	0	0	0	0	0	0	0	0	0	0	0	0	0	0	0
C Rosa	ARI	P	22	0	0	0	0	0	0	0	0	0	0	0	0	0	0	0
S Rosario	FLA	P	2	0	0	0	0	0	0	0	0	0	0	0	0	0	0	0
A Russell	SD	P	11	0	0	0	0	0	0	0	0	0	0	0	0	0	0	0
F Salas	STL	P	26	0	0	0	0	0	0	0	0	0	0	0	0	0	0	0
C Sampson	HOU	P	33	0	0	0	0	0	0	0	0	0	0	0	0	0	0	0
S Santos	CWS	P	3	0	0	0	0	0	0	0	0	0	0	0	0	0	0	0
J Sborz	DET	P	1	0	0	0	0	0	0	0	0	0	0	0	0	0	0	0
B Schlitter	CHC	P	7	0	0	0	0	0	0	0	0	0	0	0	0	0	0	0
G Sherrill	LAD	P	62	0	0	0	0	0	0	0	0	1	0	0	0	1	0	0
A Simon	BAL	P	5	0	0	0	0	0	0	0	0	0	0	0	0	0	0	0
B Sinkbeil	FLA	P	3	0	0	0	0	0	0	0	0	0	0	0	0	0	0	0
T Sipp	CLE	P	4	0	0	0	0	0	0	0	0	0	0	0	0	0	0	0
D Slaten	WSH	P	45	0	0	0	0	0	0	0	0	0	0	0	0	0	0	0
C Smith	MIL	P	2	0	0	0	0	0	0	0	0	0	0	0	0	0	0	0
J Smith	CLE	P	3	0	0	0	0	0	0	0	0	0	0	0	0	0	0	0
I Snell	SEA	P	1	0	0	0	0	0	0	0	0	0	0	0	0	0	0	0
J Soria	KC	P	2	0	0	0	0	0	0	0	0	0	0	0	0	0	0	0
R Soriano	TB	P	7	0	0	0	0	0	0	0	0	0	0	0	0	0	0	0
R Springer	CIN	P	2	0	0	0	0	0	0	0	0	0	0	0	0	0	0	0
D Stange	ARI	P	4	0	0	0	0	0	0	0	0	0	0	0	0	0	0	0
M Stetter	MIL	P	7	0	0	0	0	0	0	0	0	0	0	0	0	0	0	0
J Stevens	CHC	P	16	0	0	0	0	0	0	0	0	0	0	0	0	0	0	0
C Stewart	SD	1B	2	0	0	0	0	0	0	0	0	0	0	0	0	0	0	0
T Stoner	NYM	P	1	0	0	0	0	0	0	0	0	0	0	0	0	0	0	0
S Strickland	FLA	P	2	0	0	0	0	0	0	0	0	0	0	0	0	0	0	0
B Sweeney	SEA	P	1	0	0	0	0	0	0	0	0	0	0	0	0	0	0	0
T Tankersley	FLA	P	23	0	0	0	0	0	0	0	0	0	0	0	0	0	0	0
J Taschner	LAD	P	20	0	0	0	0	0	0	0	0	1	0	0	0	1	0	0
R Tejeda	KC	P	5	0	0	0	0	0	0	0	0	0	0	0	0	0	0	0
J Thatcher	SD	P	62	0	0	0	0	0	0	0	0	0	0	0	0	0	0	0
B Thomas	DET	P	3	0	0	0	0	0	0	0	0	0	0	0	0	0	0	0
M Thornton	CWS	P	4	0	0	0	0	0	0	0	0	0	0	0	0	0	0	0
J Valverde	DET	P	3	0	0	0	0	0	0	0	0	0	0	0	0	0	0	0
R VandenHurk	FLA	P	1	0	0	0	0	0	0	0	0	0	0	0	0	0	0	0
J Veras	FLA	P	48	0	0	0	0	0	0	0	0	0	0	0	0	0	0	0
H Villar	HOU	P	8	0	0	0	0	0	0	0	0	0	0	0	0	0	0	0
B Wagner	ATL	P	70	0	0	0	0	0	0	0	0	0	0	0	0	0	0	0
D Wheeler	TB	P	7	0	0	0	0	0	0	0	0	0	0	0	0	0	0	0
S White	SEA	P	3	0	0	0	0	0	0	0	0	0	0	0	0	0	0	0
R Williams	CWS	P	1	0	0	0	0	0	0	0	0	0	0	0	0	0	0	0
K Wood	CLE	P	4	0	0	0	0	0	0	0	0	0	0	0	0	0	0	0
T Wood	FLA	P	24	0	0	0	0	0	0	0	0	0	0	0	0	0	0	0
B Wood	KC	P	3	0	0	0	0	0	0	0	0	0	0	0	0	0	0	0
M Wuertz	OAK	P	4	0	0	0	0	0	0	0	0	0	0	0	0	0	0	0
M Zagurski	PHI	P	7	0	0	0	0	0	0	0	0	0	0	0	0	0	0	0
B Ziegler	OAK	P	6	0	0	0	0	0	0	0	0	0	0	0	0	0	0	0
J Zumaya	DET	P	4	0	0	0	0	0	0	0	0	0	0	0	0	0	0	0
