spending
52.846121485258
187.553112378515
63.8725581215934
195.568422872432
120.789289576248
63.2676511079653
61.1636027898673
81.6808740556162
136.234339848025
83.4097729370734
72.1113505533314
25.4854806640475
58.1280117825413
78.7208057524629
91.562378316051
61.9332450174764
69.3414339754997
72.6304361063193
42.15527851384
32.6986753644082
27.5812187781685
144.809958542772
170.456568545087
77.3396760775992
125.993069587169
137.531699589266
52.4117361866554
108.323361534737
163.839430780726
71.4373391620061
66.4133145205057
60.9931185117626
51.4450581643384
234.808813210035
76.229969247391
137.11070990633
165.38755156127
92.8217302866653
43.1285379543328
159.43768653955
101.380218297074
142.732236454307
45.8950237005706
48.026987150079
46.318478833501
72.4799076682676
90.175573583775
42.769206741032
32.591461940762
40.1716144748548
72.5898168043807
193.107680209936
69.5238710202666
69.5667405088105
138.268231433927
70.2684468152432
123.014977138204
38.0319417278452
29.8721770547237
81.9280297626726
78.5749781660404
94.8239315058592
48.8806843296586
58.6706101950243
53.5366906091666
85.8650187884643
50.1152876501796
107.319965416786
98.1986880534607
97.6484808725371
146.898335933776
68.2995076506432
50.8496343624627
68.2009214944452
17.9254791714088
91.4594185576389
35.0146120658627
104.774470304939
184.959599079186
66.5732741585478
42.180131040083
21.3492936462976
46.6189688605943
49.9046815896352
94.4728652740064
42.9204452169341
49.2698699401421
82.4057248322784
95.4355545772274
66.8701994699755
47.8731553009145
38.1450973200137
100.95515381009
53.6335779941357
46.4711571854352
53.9967926946059
68.1798631578904
118.531778718521
30.682601071477
100.132942644971
52.4635971176478
89.0672133312992
33.6074806729425
127.426988507761
52.7408009047884
43.3309723550645
56.9772094052149
131.527177604001
140.355676286308
45.188042055787
40.249425090981
132.743639326703
71.059386386991
50.2408409635076
44.9432457598931
85.3826935687835
153.104587651152
44.3195252134952
36.2343375132231
98.9994199191784
75.9411366286682
106.017621774336
99.289141731649
24.4114072334722
58.7708064377813
49.0006066419733
40.0631221598883
24.0295867797264
144.885600166041
86.4680253817003
87.2833283473493
83.0589297602306
156.44804137726
18.7412706759006
78.3384666394657
80.9633044519869
209.471993976914
51.5552484928318
123.081422469159
122.368570231658
100.63999342246
83.4227067866119
87.2008503838103
40.486811899396
29.0047020212121
103.95557815905
29.1672021501739
55.2203810105373
118.704793338109
117.196509657131
19.9952240502335
20.406586839618
41.5772311949037
113.385593490023
106.119969490269
66.8941480082507
31.0515547461358
231.569477014132
62.3657490870305
47.8109197429699
79.9707355214324
58.2331498427813
70.2322335438354
71.8125391714968
90.7474869951013
282.803179236058
80.9247342206011
94.4129106199824
54.043368713431
95.9396232473285
84.293162433629
197.910061299307
60.1139791481401
87.1990415022278
103.519362885494
27.4930931277583
21.2169348797721
91.8804139576193
55.8241535240076
84.1629408710499
75.346433556967
82.5042244588474
136.256396864281
39.5490211234471
181.87916309868
20.9509763834148
134.499597145161
107.993399732993
50.2901969130474
28.2090469187274
89.9948076629191
58.5251239661665
54.0743416145855
72.0912949219413
135.300888335218
118.491396352973
63.0577115998855
68.3768024711493
84.6658723261156
15.0963516562496
33.9703526359122
117.852004407301
55.776995165201
133.243815213452
114.679282409966
125.27852082745
115.930737579129
83.0795674422189
55.541702318245
39.6135491302306
182.987351230947
68.3444537834021
44.7355472161412
65.7947909752731
63.7892741134991
131.088012691058
98.0700289365348
53.4227251855596
122.235851990139
47.6486923112779
78.899480719949
114.925138470498
122.231207673668
85.7617948225574
66.0067160933517
116.421958119285
141.920776201246
194.573616749382
65.7501670424485
26.962666161334
126.887559639145
65.1222265809226
48.3814390872372
69.4942357992175
150.667992436524
46.7989100026614
79.7715838961152
49.5187652737451
95.7865031435555
67.8743970554512
94.9241740990963
62.7686342291746
195.796649027548
118.166324803712
47.4596987716442
216.655876241838
21.266479274541
43.3768880949355
83.909239061349
139.177486712071
162.77265554976
86.28620892511
60.7897566195263
143.278725332889
40.856083243246
24.7905047103607
72.2021817128623
136.337875715803
47.076189424947
107.077154798617
120.115402046822
58.2748518359845
104.525549354125
103.726446736034
84.3850037099248
96.276452948984
97.2869324994805
163.751681321134
108.959581480453
95.5582226385145
92.5113460761891
53.7101905368855
83.2754482051655
62.9743083792004
49.235928635099
75.3488218963592
85.5389296828733
51.7013075344968
82.1355918694956
127.881595327569
133.108486054364
23.9464571782837
39.1163342510074
112.095083598028
151.298351813839
122.17407722359
54.140556782982
145.977279882573
111.758850297749
94.3743253171302
106.478876973461
102.017795988185
74.8352488052822
38.3877455476015
66.3336340752818
40.1892848484765
80.4159507991013
110.204853339201
93.0466887767357
224.133316027439
161.700206155382
194.469641412721
91.8386570736812
92.2779877451133
40.3197067116973
41.2682620974904
132.91704002613
62.7477650359666
46.1864702595261
25.1261778937093
97.0125231970096
91.5025930712808
117.724370238731
49.5283865058234
79.4812918830281
16.0939796121957
99.8048392680165
130.360276088609
46.8300615948186
7.40309213358448
57.9875010199816
115.758888743239
148.930564156421
147.362550333373
63.3656055644141
84.0963558585472
132.280557001295
123.013202221856
168.032505885083
126.76496027132
68.3867605007477
126.349130505926
48.8142978533273
133.003019235663
153.38011984367
41.8582156263767
28.1036727522845
31.3482051194941
20.2473052698219
249.939493935061
101.937131703927
74.2796519286285
62.9554142277414
35.1039222256859
42.7098405608068
75.6431685331165
11.6314364393495
21.5805770038327
99.3167649682692
74.1954868262656
41.007706985162
127.925398619893
90.5728420612827
29.1134081881213
88.7714857656351
5.71921293417087
160.139195837052
87.966996544456
44.4853478364281
118.282535962719
10.7422148402549
43.004722985999
50.1618640593644
178.569504138358
92.6479767060514
112.736661286896
116.050169511355
41.1332553305471
71.2473986586693
82.4586914064564
50.9117921648847
69.6506469891399
48.1262038326077
77.8753582175128
77.6107727203667
83.8880506521183
73.8275799670417
40.1067148201616
34.5660818040854
138.263419615186
80.4892437737461
215.475353874205
162.73134310536
74.4363005209043
46.1387633868708
81.4898964223213
221.32472081637
41.4290404054181
97.4256979736094
44.3276020925089
36.97580388414
19.7037752116891
20.9546297226545
69.4249688986426
67.9092356124821
79.6441527608543
29.5108375256065
62.4799473937755
61.1454917628524
78.3959010726013
72.1442310589625
180.599229892222
49.9670482879566
87.9854341381592
26.130850009692
55.3591415035125
125.179892571731
28.5545050195415
37.3237216668037
35.4862040301174
60.8799551004319
114.742134417703
72.0416662129072
68.4381415059743
89.7074877540329
45.4048558239289
119.604816659237
67.1859176608771
151.942720946556
116.48663755449
57.604027477008
183.334657931465
149.542090485485
45.1961923041303
88.286551517551
119.237006493546
209.013330598412
39.8414218889079
50.1942741421791
41.7233435865888
203.552904235544
92.192412627023
52.1700900530366
21.2527369454137
66.7804250339976
149.904544020289
